0.137809991836548, 0.0, 104.67032967033
0.306465864181519, 0.0, 100.641025641026
0.469586849212646, 0.0, 104.267399267399
0.638575077056885, 0.0, 103.058608058608
0.806532859802246, 0.0, 103.058608058608
0.973108053207397, 0.0, 102.655677655678
1.14044499397278, 0.0, 101.648351648352
1.3130738735199, 0.0, 101.648351648352
1.47673606872559, 0.0, 103.663003663004
1.64365005493164, 0.0, 103.461538461538
1.81103491783142, 0.0, 101.446886446886
1.9784939289093, 0.0, 104.267399267399
2.14622092247009, 0.0, 100.641025641026
2.30907988548279, 0.0, 104.267399267399
2.47679996490479, 0.0, 103.663003663004
2.64534997940063, 0.0, 104.67032967033
2.81727695465088, 0.0, 104.065934065934
2.98468399047852, 0.0, 102.252747252747
3.15210700035095, 0.0, 102.454212454212
3.31513500213623, 0.0, 104.065934065934
3.48277401924133, 0.0, 104.871794871795
3.64938187599182, 0.0, 103.864468864469
3.8177649974823, 0.0, 104.267399267399
3.9852409362793, 0.0, 102.454212454212
4.15249800682068, 0.0, 103.260073260073
4.32143688201904, 0.0, 103.260073260073
4.48883104324341, 0.0, 103.461538461538
4.65475296974182, 0.0, 104.267399267399
4.82183289527893, 0.0, 101.648351648352
4.98542189598083, 0.0, 102.051282051282
5.1515998840332, 0.0, 103.260073260073
5.31999588012695, 0.0, 104.468864468864
5.48629593849182, 0.0, 103.461538461538
5.65967607498169, 0.0, 104.267399267399
5.82757592201233, 0.0, 101.245421245421
5.99069499969482, 0.0, 103.260073260073
6.15956091880798, 0.0, 104.267399267399
6.32738304138184, 0.0, 103.461538461538
6.49371790885925, 0.0, 104.267399267399
6.66069793701172, 0.0, 101.648351648352
6.82282900810242, 0.0, 103.058608058608
6.99069285392761, 0.0, 104.065934065934
7.16349506378174, 0.0, 103.058608058608
7.32950592041016, 0.0, 104.065934065934
7.49748587608337, 0.0, 102.454212454212
7.66412305831909, 0.0, 102.051282051282
7.82782793045044, 52.4036808000816, 89.1575091575092
7.99639987945557, 52.5193449909433, 89.5604395604396
8.16782307624817, 53.7502337091571, 89.3589743589744
8.33515596389771, 52.586959412683, 90.3663003663004
8.50271487236023, 43.6525736099634, 95.2014652014652
8.67500495910645, 56.5229354214755, 89.1575091575092
8.83955693244934, 54.2126471917708, 90.7692307692308
9.00879597663879, 53.3587215365944, 91.5750915750916
9.17678999900818, 55.8475603004951, 90.7692307692308
9.34598898887634, 57.0892031856508, 90.5677655677656
9.51462006568909, 63.5906383646276, 87.7472527472528
9.67848587036133, 57.939450208084, 90.970695970696
9.84825801849365, 60.048363217504, 90.3663003663004
10.0181679725647, 60.5171898869803, 90.5677655677656
10.1863050460815, 61.3280941627837, 90.5677655677656
10.3605558872223, 65.4509899555108, 88.956043956044
10.5303728580475, 64.0628857992507, 89.96336996337
10.6942780017853, 64.90134927816, 89.96336996337
10.8630900382996, 64.5741507269086, 90.5677655677656
11.0321228504181, 66.2743009250242, 90.1648351648352
11.1987719535828, 65.8021045517135, 90.7692307692308
11.3673839569092, 67.5189932624062, 90.3663003663004
11.5305099487305, 36.2879949677121, 105.879120879121
11.699413061142, 0.0, 118.369963369963
11.8724370002747, 0.0, 127.637362637363
12.0393848419189, 0.0, 131.868131868132
12.2088139057159, 0.0, 132.673992673993
12.3771040439606, 0.0, 131.263736263736
12.5406939983368, 0.0, 133.278388278388
12.7095849514008, 0.0, 131.062271062271
12.8775758743286, 0.0, 119.78021978022
13.0437209606171, 0.0, 113.131868131868
13.2101559638977, 0.0, 110.311355311355
13.3793408870697, 0.0, 110.311355311355
13.5449900627136, 0.0, 113.736263736264
13.7133588790894, 0.0, 112.930402930403
13.8796079158783, 0.0, 114.139194139194
14.0488359928131, 0.0, 110.10989010989
14.2174649238586, 0.0, 110.10989010989
14.3803780078888, 33.2547036697576, 107.289377289377
14.5496468544006, 32.703868163811, 107.289377289377
14.7192490100861, 31.3516088414104, 107.692307692308
14.8912410736084, 32.5105333721244, 106.886446886447
15.060152053833, 55.7294349246845, 95.2014652014652
15.2284998893738, 43.4193969820882, 101.245421245421
15.3926088809967, 40.4535345258293, 102.655677655678
15.5607309341431, 45.7297266686792, 100.03663003663
15.7285099029541, 63.0988181685352, 91.5750915750916
15.8971719741821, 62.5763204268046, 92.1794871794872
16.0661518573761, 66.82753211631, 90.3663003663004
16.2300109863281, 61.0224230036193, 93.5897435897436
16.3993580341339, 66.9897283586389, 90.970695970696
16.5737540721893, 65.3173453991229, 92.1794871794872
16.7414519786835, 0.0, 112.124542124542
16.9096119403839, 0.0, 111.721611721612
17.0784940719605, 0.0, 110.10989010989
17.2413659095764, 0.0, 113.937728937729
17.4094500541687, 0.0, 114.542124542125
17.5774400234222, 0.0, 113.736263736264
17.7445020675659, 0.0, 114.542124542125
17.9167718887329, 0.0, 111.520146520147
18.0806970596313, 51.6689168817394, 99.0293040293041
18.2501919269562, 50.1517079928855, 99.8351648351649
18.4215729236603, 52.2000411644086, 98.8278388278388
18.5905890464783, 49.3591189537292, 100.238095238095
18.75963306427, 49.3439369957088, 100.238095238095
18.9283618927002, 50.5151497990219, 99.6336996336997
19.092365026474, 45.5745571917229, 102.051282051282
19.2616209983826, 46.7274461189905, 101.446886446886
19.4313569068909, 50.2769708458756, 99.6336996336997
19.6020350456238, 61.6684720782569, 93.992673992674
19.7701468467712, 50.3377265851575, 99.6336996336997
19.9382619857788, 49.4756500231913, 100.03663003663
20.1023650169373, 44.9143905430049, 102.252747252747
20.2707419395447, 46.8669262211837, 101.245421245421
20.4391429424286, 51.6717965895439, 98.8278388278388
20.6075389385223, 47.1710738179447, 101.043956043956
20.7794370651245, 49.934406863464, 99.6336996336997
20.9435169696808, 47.8743175447204, 100.641025641026
21.1130599975586, 44.1813768047988, 102.454212454212
21.2877979278564, 46.9872390699909, 101.043956043956
