
0.0898950099945068, 90, -28.2967032967033, 0.386813186813187, 50.0

0.147902011871338, 90, -19.4322344322344, 0.422271062271062, 50.0

0.203488111495972, 90, -17.2161172161172, 0.431135531135531, 50.0

0.258224010467529, 90, -21.6483516483516, 0.413406593406593, 50.0

0.313462018966675, 90, -22.4542124542124, 0.41018315018315, 50.0

0.36905312538147, 90, -24.0659340659341, 0.403736263736264, 50.0

0.430553197860718, 90, -23.6630036630037, 0.405347985347985, 50.0

0.485237121582031, 90, -23.6630036630037, 0.405347985347985, 50.0

0.540135145187378, 90, -20.8424908424908, 0.416630036630037, 50.0

0.601208209991455, 90, -23.058608058608, 0.407765567765568, 50.0

0.656903028488159, 90, -24.2673992673993, 0.402930402930403, 50.0

0.711703062057495, 90, -20.6410256410256, 0.417435897435897, 50.0

0.766626119613647, 90, -9.35897435897436, 0.462564102564103, 50.0

0.828013181686401, 90, -15.4029304029304, 0.438388278388278, 50.0

0.88324499130249, 90, -15.6043956043956, 0.437582417582418, 50.0

0.938080072402954, 90, -5.73260073260072, 0.477069597069597, 50.0

0.998956203460693, 90, -5.73260073260072, 0.477069597069597, 50.0

1.05469512939453, 90, -13.1868131868132, 0.447252747252747, 50.0

1.10950016975403, 90, -3.1135531135531, 0.487545787545788, 50.0

1.16380715370178, 90, 0.311355311355344, 0.501245421245421, 50.0

1.22460603713989, 90, -3.9194139194139, 0.484322344322344, 50.0

1.28216004371643, 90, -0.494505494505484, 0.498021978021978, 50.0

1.33856320381165, 90, -0.897435897435891, 0.496410256410256, 50.0

1.39481902122498, 90, -7.14285714285713, 0.471428571428571, 50.0

1.45415306091309, 90, 2.12454212454213, 0.508498168498169, 50.0

1.50867414474487, 90, 3.33333333333335, 0.513333333333333, 50.0

1.56300115585327, 90, 5.54945054945055, 0.522197802197802, 50.0

1.62366700172424, 90, 3.33333333333335, 0.513333333333333, 50.0

1.67874717712402, 90, 8.3699633699634, 0.533479853479854, 50.0

1.73316216468811, 90, 10.5860805860806, 0.542344322344322, 50.0

1.78769111633301, 90, 10.7875457875458, 0.543150183150183, 50.0

1.85349607467651, 90, 10.3846153846154, 0.541538461538462, 50.0

1.91266202926636, 90, 10.1831501831502, 0.540732600732601, 50.0

1.96755218505859, 90, 13.2051282051282, 0.552820512820513, 50.0

2.02784419059753, 90, 16.4285714285715, 0.565714285714286, 50.0

2.0860641002655, 90, 16.6300366300367, 0.566520146520147, 50.0

2.14185118675232, 89.1989990402927, 20.8608058608059, 0.583443223443224, 50.0

2.19654512405396, 90, 20.4578754578755, 0.581831501831502, 50.0

2.25717711448669, 90, 16.4285714285715, 0.565714285714286, 50.0

2.31873917579651, 85.5510622393954, 23.0769230769231, 0.592307692307692, 50.0

2.37554001808167, 90, 20.8608058608059, 0.583443223443224, 50.0

2.43267416954041, 74.4962821273139, 29.3223443223443, 0.617289377289377, 50.0

2.49151110649109, 90, 9.98168498168497, 0.53992673992674, 50.0

2.54553699493408, 90, 9.3772893772894, 0.537509157509158, 50.0

2.59983706474304, 75.8667339968594, 28.9194139194139, 0.615677655677656, 50.0

2.66015601158142, 90, 21.2637362637363, 0.585054945054945, 50.0

2.71774315834045, 86.3350088954409, 24.0842490842491, 0.596336996336996, 50.0

2.7739942073822, 81.7590080774747, 26.7032967032967, 0.606813186813187, 50.0

2.8300302028656, 61.5689306206755, 36.978021978022, 0.647912087912088, 50.0

2.89011311531067, 90, 21.0622710622711, 0.584249084249084, 50.0

2.94518303871155, 90, 11.1904761904762, 0.544761904761905, 50.0

2.99956798553467, 90, 19.047619047619, 0.576190476190476, 50.0

3.05989503860474, 72.5398683482474, 31.7399267399267, 0.626959706959707, 50.0

3.1175901889801, 90, 21.8681318681319, 0.587472527472528, 50.0

3.17346000671387, 66.5287275585062, 34.96336996337, 0.63985347985348, 50.0

3.22865414619446, 89.8186466174248, 23.6813186813187, 0.594725274725275, 50.0

3.28854918479919, 90, 17.8388278388278, 0.571355311355311, 50.0

3.34408617019653, 60.7391850524769, 38.3882783882784, 0.653553113553114, 50.0

3.3988790512085, 90, 16.4285714285715, 0.565714285714286, 50.0

3.46017408370972, 67.1819014426989, 35.3663003663004, 0.641465201465201, 50.0

3.5191171169281, 78.6811042268634, 29.9267399267399, 0.61970695970696, 50.0

3.57417607307434, 90, 16.025641025641, 0.564102564102564, 50.0

3.62885904312134, 49.4134218919845, 44.6336996336997, 0.678534798534799, 50.0

3.6901490688324, 90, 24.0842490842491, 0.596336996336996, 50.0

3.74576306343079, 39.3492508327567, 49.6703296703297, 0.698681318681319, 50.0

3.80075907707214, 82.2492233999482, 28.5164835164835, 0.614065934065934, 50.0

3.86119914054871, 50.1623243027991, 44.6336996336997, 0.678534798534799, 50.0

3.91763806343079, 70.3717339955843, 34.7619047619048, 0.639047619047619, 50.0

3.97269105911255, 34.8443204317337, 52.4908424908425, 0.70996336996337, 50.0

4.0275821685791, 60.10139079321, 40.0, 0.66, 50.0

4.09301018714905, 43.221020689814, 48.4615384615385, 0.693846153846154, 50.0

4.15112400054932, 58.0219184347998, 41.2087912087912, 0.664835164835165, 50.0

4.20768213272095, 41.9256293555319, 49.2673992673993, 0.697069597069597, 50.0

4.26392602920532, 65.2286612922019, 37.7838827838828, 0.651135531135531, 50.0

4.32403111457825, 56.6010983479329, 42.2161172161172, 0.668864468864469, 50.0

4.37897109985352, 0, 59.945054945055, 0.73978021978022, 50.0

4.43367004394531, 56.8127270408603, 42.2161172161172, 0.668864468864469, 50.0

4.49470710754395, 30.4737323631733, 55.3113553113553, 0.721245421245421, 50.0

4.5502290725708, 56.8998543705259, 42.2161172161172, 0.668864468864469, 50.0

4.60514712333679, 35.0562244741034, 53.0952380952381, 0.712380952380952, 50.0

4.66010808944702, 67.6482803131634, 36.978021978022, 0.647912087912088, 50.0

4.72181916236877, 56.5925838287933, 42.6190476190476, 0.670476190476191, 50.0

4.77718806266785, 30.2427929377817, 55.7142857142857, 0.722857142857143, 50.0

4.83202600479126, 55.8190945347586, 43.021978021978, 0.672087912087912, 50.0

4.89265418052673, 0, 69.4139194139195, 0.777655677655678, 50.0

4.9484920501709, 58.4845618952761, 41.8131868131868, 0.667252747252747, 50.0

5.00319004058838, 0, 72.4358974358975, 0.78974358974359, 50.0

5.0578670501709, 62.792365926526, 39.7985347985348, 0.659194139194139, 50.0

5.11895704269409, 41.0136525010887, 50.6776556776557, 0.702710622710623, 50.0

5.1747670173645, 52.4346976533477, 45.0366300366301, 0.68014652014652, 50.0

5.2299702167511, 70.1374270846119, 36.3736263736264, 0.645494505494506, 50.0

5.28778600692749, 31.2980028255518, 55.7142857142857, 0.722857142857143, 50.0

5.34682607650757, 62.2144702633658, 40.4029304029304, 0.661611721611722, 50.0

5.40165400505066, 0, 60.9523809523809, 0.743809523809524, 50.0

5.45598316192627, 36.7462633097128, 53.0952380952381, 0.712380952380952, 50.0

5.51652312278748, 0, 63.7728937728938, 0.755091575091575, 50.0

5.57174301147461, 0, 62.5641025641026, 0.75025641025641, 50.0

5.62659001350403, 33.8015720979634, 54.5054945054945, 0.718021978021978, 50.0

5.6811192035675, 0, 70.018315018315, 0.78007326007326, 50.0

5.74205207824707, 41.4368339881792, 50.6776556776557, 0.702710622710623, 50.0

5.79745721817017, 36.107049252524, 53.2967032967033, 0.713186813186813, 50.0

5.85187911987305, 0, 67.3992673992674, 0.76959706959707, 50.0

5.91222405433655, 52.3536295877708, 45.2380952380952, 0.680952380952381, 50.0

5.97092413902283, 54.1353322931262, 44.4322344322344, 0.677728937728938, 50.0

6.02952909469604, 0, 57.3260073260073, 0.729304029304029, 50.0

6.08500719070435, 59.2033738552868, 42.014652014652, 0.668058608058608, 50.0

6.1452100276947, 65.5780178111988, 38.992673992674, 0.655970695970696, 50.0

6.20061802864075, 0, 57.7289377289378, 0.730915750915751, 50.0

6.25502610206604, 49.1326747927473, 47.2527472527473, 0.689010989010989, 50.0

6.32071399688721, 0, 69.4139194139195, 0.777655677655678, 50.0

6.37667798995972, 32.0221777058346, 55.7142857142857, 0.722857142857143, 50.0

6.43122220039368, 0, 67.3992673992674, 0.76959706959707, 50.0

6.48606014251709, 30.2323783666659, 56.5201465201465, 0.726080586080586, 50.0

6.54588508605957, 0, 69.8168498168499, 0.779267399267399, 50.0

6.60157418251038, 48.4381940207638, 47.4542124542125, 0.68981684981685, 50.0

6.65656399726868, 37.4792179738209, 52.8937728937729, 0.711575091575092, 50.0

6.71159720420837, 0, 62.1611721611722, 0.748644688644689, 50.0

6.77300715446472, 44.3451901014908, 49.4688644688645, 0.697875457875458, 50.0

6.82845520973206, 0, 58.5347985347985, 0.734139194139194, 50.0

6.8831160068512, 51.7115845523038, 45.8424908424908, 0.683369963369963, 50.0

6.94385504722595, 61.2207297789745, 41.2087912087912, 0.664835164835165, 50.0

6.99957799911499, 0, 58.3333333333334, 0.733333333333333, 50.0

7.05400609970093, 49.2082542464846, 47.2527472527473, 0.689010989010989, 50.0

7.10874700546265, 0, 57.7289377289378, 0.730915750915751, 50.0

7.16973519325256, 57.8807877075104, 43.021978021978, 0.672087912087912, 50.0

7.22566103935242, 67.0651259374268, 38.5897435897436, 0.654358974358975, 50.0

7.28018307685852, 0, 59.945054945055, 0.73978021978022, 50.0

7.33967518806458, 54.7141936650643, 44.8351648351648, 0.679340659340659, 50.0

7.39967012405396, 44.2357714337743, 50.0732600732601, 0.70029304029304, 50.0

7.45816016197205, 0, 62.967032967033, 0.751868131868132, 50.0

7.51691508293152, 34.0057195215434, 55.1098901098901, 0.72043956043956, 50.0

7.57323002815247, 0, 64.5787545787546, 0.758315018315018, 50.0

7.62814211845398, 31.8240004166578, 56.1172161172161, 0.724468864468864, 50.0

7.68306803703308, 72.5023703981231, 35.970695970696, 0.643882783882784, 50.0

7.73899912834167, 43.4782890282271, 50.4761904761905, 0.701904761904762, 50.0

7.79975414276123, 0, 67.8021978021978, 0.771208791208791, 50.0

7.85475921630859, 50.0009365811015, 47.2527472527473, 0.689010989010989, 50.0

7.90981507301331, 50.076462870989, 47.2527472527473, 0.689010989010989, 50.0

7.97045016288757, 0, 62.5641025641026, 0.75025641025641, 50.0

8.02612113952637, 50.1601124224645, 47.2527472527473, 0.689010989010989, 50.0

8.08107900619507, 39.6146080236294, 52.4908424908425, 0.70996336996337, 50.0

8.13581514358521, 0, 62.967032967033, 0.751868131868132, 50.0

8.19648408889771, 33.8155962106508, 55.3113553113553, 0.721245421245421, 50.0

8.25571918487549, 0, 64.981684981685, 0.75992673992674, 50.0

8.31465101242065, 34.8857935509838, 54.7069597069597, 0.718827838827839, 50.0

8.37508606910706, 0, 63.1684981684982, 0.752673992673993, 50.0

8.43406915664673, 54.7868771845604, 44.8351648351648, 0.679340659340659, 50.0

8.49069905281067, 60.2556010240164, 42.2161172161172, 0.668864468864469, 50.0

8.55021119117737, 0, 58.3333333333334, 0.733333333333333, 50.0

8.61120414733887, 43.3120043679471, 50.6776556776557, 0.702710622710623, 50.0

8.67373919487, 46.5627228340386, 49.0659340659341, 0.696263736263736, 50.0

8.72988700866699, 0, 60.9523809523809, 0.743809523809524, 50.0

8.79069113731384, 57.2096662665461, 43.8278388278388, 0.675311355311355, 50.0

8.84660601615906, 53.7174247931211, 45.6410256410256, 0.682564102564103, 50.0

8.90118312835693, 0, 59.3406593406594, 0.737362637362637, 50.0

8.95606017112732, 43.2171802402852, 50.8791208791209, 0.703516483516484, 50.0

9.01719498634338, 0, 70.018315018315, 0.78007326007326, 50.0

9.07216501235962, 49.7285588254858, 47.6556776556777, 0.690622710622711, 50.0

9.12691521644592, 0, 68.2051282051282, 0.772820512820513, 50.0

9.18769121170044, 57.9605841221826, 43.6263736263736, 0.674505494505495, 50.0

9.24409508705139, 40.1547155821279, 52.4908424908425, 0.70996336996337, 50.0

9.29913401603699, 0, 66.7948717948718, 0.767179487179487, 50.0

9.35396003723145, 39.2694815240063, 52.8937728937729, 0.711575091575092, 50.0

9.41400814056396, 0, 62.967032967033, 0.751868131868132, 50.0

9.47407698631287, 40.0000390006508, 52.4908424908425, 0.70996336996337, 50.0

9.53054809570313, 0, 73.2417582417583, 0.792967032967033, 50.0

9.58702611923218, 39.9320464234648, 52.4908424908425, 0.70996336996337, 50.0

9.64921617507935, 54.1735514157857, 45.4395604395605, 0.681758241758242, 50.0

9.70882821083069, 33.4569639928174, 55.7142857142857, 0.722857142857143, 50.0

9.76493811607361, 48.4173221989865, 48.2600732600733, 0.693040293040293, 50.0

9.82517910003662, 50.5151832802391, 47.2527472527473, 0.689010989010989, 50.0

9.88351106643677, 0, 65.989010989011, 0.763956043956044, 50.0

9.93956518173218, 66.1169574854574, 39.5970695970696, 0.658388278388279, 50.0

9.99669098854065, 43.5286720462771, 50.8791208791209, 0.703516483516484, 50.0

10.059032201767, 0, 63.5714285714286, 0.754285714285714, 50.0

10.1172461509705, 40.2323431104093, 52.4908424908425, 0.70996336996337, 50.0

10.1760091781616, 0, 68.4065934065934, 0.773626373626374, 50.0

10.2320721149445, 33.6263912807017, 55.7142857142857, 0.722857142857143, 50.0

10.2867510318756, 0, 67.3992673992674, 0.76959706959707, 50.0

10.3412370681763, 40.8225748521504, 52.0879120879121, 0.708351648351648, 50.0

10.3964781761169, 43.2159884377713, 50.8791208791209, 0.703516483516484, 50.0

10.4578230381012, 0, 60.3479853479854, 0.741391941391942, 50.0

10.5130760669708, 50.5448030071817, 47.2527472527473, 0.689010989010989, 50.0

10.5679130554199, 0, 62.1611721611722, 0.748644688644689, 50.0

10.6287751197815, 59.1961618526514, 43.021978021978, 0.672087912087912, 50.0

10.6848511695862, 36.9087026713095, 54.1025641025641, 0.716410256410256, 50.0

10.744775056839, 57.6297640953308, 43.8278388278388, 0.675311355311355, 50.0

10.7997071743011, 50.4532744661792, 47.4542124542125, 0.68981684981685, 50.0

10.8609089851379, 0, 64.7802197802198, 0.759120879120879, 50.0

10.9235980510712, 41.9426557323434, 51.6849816849817, 0.706739926739927, 50.0

10.97958111763, 0, 60.3479853479854, 0.741391941391942, 50.0

11.0399560928345, 34.9520974412505, 55.1098901098901, 0.72043956043956, 50.0

11.097626209259, 0, 59.5421245421245, 0.738168498168498, 50.0

11.1562180519104, 38.0692120567782, 53.4981684981685, 0.713992673992674, 50.0

11.211578130722, 82.091280964268, 31.7399267399267, 0.626959706959707, 50.0

11.2729980945587, 33.9678001534807, 55.7142857142857, 0.722857142857143, 50.0

11.3287580013275, 60.7733327346843, 42.4175824175824, 0.66967032967033, 50.0

11.3837029933929, 40.558192594584, 52.4908424908425, 0.70996336996337, 50.0

11.4444720745087, 0, 76.8681318681319, 0.807472527472527, 50.0

11.500205039978, 38.0279047803564, 53.6996336996337, 0.714798534798535, 50.0

11.5550591945648, 0, 68.2051282051282, 0.772820512820513, 50.0

11.6098911762238, 42.0112829286973, 51.6849816849817, 0.706739926739927, 50.0

11.6701760292053, 45.641529512056, 49.8717948717949, 0.699487179487179, 50.0

11.7251920700073, 0, 58.1318681318682, 0.732527472527473, 50.0

11.7800481319427, 51.7714712864313, 46.8498168498169, 0.687399267399267, 50.0

11.8361032009125, 51.0411161380809, 47.2527472527473, 0.689010989010989, 50.0

11.8998072147369, 0, 61.1538461538462, 0.744615384615385, 50.0

11.9591372013092, 58.0701657965943, 43.8278388278388, 0.675311355311355, 50.0

12.0169610977173, 59.488403513318, 43.2234432234432, 0.672893772893773, 50.0

12.0730180740356, 0, 62.1611721611722, 0.748644688644689, 50.0

12.1278710365295, 62.9407497421725, 41.6117216117216, 0.666446886446887, 50.0

12.1829361915588, 37.0286200553069, 54.5054945054945, 0.718021978021978, 50.0

12.2380301952362, 70.3992133044497, 37.985347985348, 0.651941391941392, 50.0

12.2999110221863, 54.8130809059946, 45.8424908424908, 0.683369963369963, 50.0

12.3552072048187, 0, 60.9523809523809, 0.743809523809524, 50.0

12.4100561141968, 52.0676722303851, 47.2527472527473, 0.689010989010989, 50.0

12.4714510440826, 0, 59.3406593406594, 0.737362637362637, 50.0

12.5268731117249, 62.379746009142, 42.2161172161172, 0.668864468864469, 50.0

12.5819411277771, 70.3579273459675, 38.3882783882784, 0.653553113553114, 50.0

12.6369681358337, 42.901124316694, 52.0879120879121, 0.708351648351648, 50.0

12.6981580257416, 86.1994703610738, 30.7326007326007, 0.622930402930403, 50.0

12.7536540031433, 59.7715563608176, 44.0293040293041, 0.676117216117216, 50.0

12.808137178421, 0, 60.9523809523809, 0.743809523809524, 50.0

12.8676731586456, 58.3005841616745, 44.8351648351648, 0.679340659340659, 50.0

12.9246420860291, 49.8675454514367, 49.0659340659341, 0.696263736263736, 50.0

12.984610080719, 44.5785368427688, 51.6849816849817, 0.706739926739927, 50.0

13.0396900177002, 37.1795416249459, 55.3113553113553, 0.721245421245421, 50.0

13.0996100902557, 0, 60.3479853479854, 0.741391941391942, 50.0

13.1579031944275, 55.0165703816291, 46.4468864468865, 0.685787545787546, 50.0

13.2146100997925, 74.3240249724614, 36.978021978022, 0.647912087912088, 50.0

13.2709641456604, 46.9060115892808, 50.6776556776557, 0.702710622710623, 50.0

13.331826210022, 64.4782473796452, 42.014652014652, 0.668058608058608, 50.0

13.3869981765747, 57.3470634636861, 45.6410256410256, 0.682564102564103, 50.0

13.4420402050018, 38.2686570450499, 55.1098901098901, 0.72043956043956, 50.0

13.5030670166016, 68.764067023665, 40.0, 0.66, 50.0

13.5589220523834, 74.3869175382585, 37.3809523809524, 0.64952380952381, 50.0

13.6140480041504, 39.1946103262813, 54.9084249084249, 0.7196336996337, 50.0

13.6686341762543, 75.410310776679, 36.978021978022, 0.647912087912088, 50.0

13.7298672199249, 71.307141710987, 39.1941391941392, 0.656776556776557, 50.0

13.7911381721497, 0, 60.1465201465202, 0.740586080586081, 50.0

13.8507640361786, 64.6747788120974, 42.6190476190476, 0.670476190476191, 50.0

13.9099500179291, 35.0445814337922, 57.3260073260073, 0.729304029304029, 50.0

13.9659380912781, 66.3130559152735, 41.8131868131868, 0.667252747252747, 50.0

14.020859003067, 0, 61.7582417582418, 0.747032967032967, 50.0

14.0756180286407, 60.0007014811693, 45.0366300366301, 0.68014652014652, 50.0

14.1367030143738, 0, 62.1611721611722, 0.748644688644689, 50.0

14.1918032169342, 55.6439396291424, 47.2527472527473, 0.689010989010989, 50.0

14.2468709945679, 41.8313889341912, 54.1025641025641, 0.716410256410256, 50.0

14.3079671859741, 44.98578220715, 52.4908424908425, 0.70996336996337, 50.0

14.3664681911469, 0, 76.2637362637363, 0.805054945054945, 50.0

14.4225862026215, 51.8626743162071, 49.0659340659341, 0.696263736263736, 50.0

14.4776542186737, 76.4042920660185, 36.978021978022, 0.647912087912088, 50.0

14.5380640029907, 39.9869881750462, 55.1098901098901, 0.72043956043956, 50.0

14.5938830375671, 82.339617393829, 34.1575091575091, 0.636630036630037, 50.0

14.6488749980927, 49.6892735460302, 50.4761904761905, 0.701904761904762, 50.0

14.704647064209, 0, 78.2783882783883, 0.813113553113553, 50.0

14.7651941776276, 41.084839160189, 54.7069597069597, 0.718827838827839, 50.0

14.8199851512909, 0, 64.7802197802198, 0.759120879120879, 50.0

14.8747069835663, 31.1549775089536, 59.5421245421245, 0.738168498168498, 50.0

14.9356021881104, 0, 69.4139194139195, 0.777655677655678, 50.0

14.9911391735077, 39.0457531165726, 55.5128205128205, 0.722051282051282, 50.0

15.0459110736847, 55.642440843058, 47.2527472527473, 0.689010989010989, 50.0

15.1001961231232, 0, 62.967032967033, 0.751868131868132, 50.0

15.1615211963654, 50.81726534026, 49.6703296703297, 0.698681318681319, 50.0

15.22199010849, 44.6914145776203, 52.6923076923077, 0.710769230769231, 50.0

15.2769320011139, 0, 62.7655677655678, 0.751062271062271, 50.0

15.3377311229706, 44.2096331988498, 52.8937728937729, 0.711575091575092, 50.0

15.3935739994049, 0, 61.1538461538462, 0.744615384615385, 50.0

15.4481811523438, 55.5672874053318, 47.2527472527473, 0.689010989010989, 50.0

15.5031352043152, 62.5867925393275, 43.8278388278388, 0.675311355311355, 50.0

15.5641350746155, 40.275677929431, 54.9084249084249, 0.7196336996337, 50.0

15.6189241409302, 0, 69.010989010989, 0.776043956043956, 50.0

15.6736340522766, 49.1272331921608, 50.4761904761905, 0.701904761904762, 50.0

15.7304620742798, 48.7056784642921, 50.6776556776557, 0.702710622710623, 50.0

15.7946071624756, 0, 66.5934065934066, 0.766373626373626, 50.0

15.8512301445007, 55.6380749294608, 47.2527472527473, 0.689010989010989, 50.0

15.9066100120544, 78.1915778096341, 36.1721611721612, 0.644688644688645, 50.0

15.9666621685028, 34.8614596731059, 57.7289377289378, 0.730915750915751, 50.0

16.0221920013428, 58.7577543219367, 45.8424908424908, 0.683369963369963, 50.0

16.0770401954651, 62.1407429027906, 44.2307692307692, 0.676923076923077, 50.0

16.13174700737, 0, 60.5494505494506, 0.742197802197802, 50.0

16.1926620006561, 66.4042953147992, 42.2161172161172, 0.668864468864469, 50.0

16.2542171478272, 67.8605238007101, 41.6117216117216, 0.666446886446887, 50.0

16.3110480308533, 0, 60.7509157509158, 0.743003663003663, 50.0

16.3715200424194, 69.3172474025369, 41.007326007326, 0.664029304029304, 50.0

16.427472114563, 70.4099703446411, 40.6043956043956, 0.662417582417583, 50.0

16.4825642108917, 35.9458634311898, 57.7289377289378, 0.730915750915751, 50.0

16.5376870632172, 56.9741070139538, 47.2527472527473, 0.689010989010989, 50.0

16.5992422103882, 31.2838645885278, 59.945054945055, 0.73978021978022, 50.0

16.654687166214, 48.16569680041, 51.4835164835165, 0.705934065934066, 50.0

16.7094640731812, 0, 71.4285714285715, 0.785714285714286, 50.0

16.7698891162872, 58.3360458228177, 46.4468864468865, 0.685787545787546, 50.0

16.8286831378937, 77.672892433383, 36.978021978022, 0.647912087912088, 50.0

16.8871312141418, 45.7532348955943, 52.8937728937729, 0.711575091575092, 50.0

16.945855140686, 84.9204779675591, 33.5531135531136, 0.634212454212454, 50.0

17.0052301883698, 55.5584265155232, 48.2600732600733, 0.693040293040293, 50.0

17.0601491928101, 0, 61.1538461538462, 0.744615384615385, 50.0

17.1150560379028, 53.9721553535251, 49.0659340659341, 0.696263736263736, 50.0

17.1721820831299, 0, 66.5934065934066, 0.766373626373626, 50.0

17.2311379909515, 54.0007059914724, 49.0659340659341, 0.696263736263736, 50.0

17.2861909866333, 0, 63.3699633699634, 0.753479853479854, 50.0

17.3410642147064, 63.8287406111811, 44.2307692307692, 0.676923076923077, 50.0

17.4070851802826, 50.9161516139794, 50.6776556776557, 0.702710622710623, 50.0

17.4626340866089, 0, 69.4139194139195, 0.777655677655678, 50.0

17.5172309875488, 50.080613041972, 51.0805860805861, 0.704322344322344, 50.0

17.5736510753632, 0, 70.4212454212454, 0.781684981684982, 50.0

17.6366350650787, 36.5480449697472, 57.7289377289378, 0.730915750915751, 50.0

17.6928050518036, 0, 62.967032967033, 0.751868131868132, 50.0

17.7476181983948, 36.3327587960839, 57.7289377289378, 0.730915750915751, 50.0

17.8076829910278, 46.7391311598347, 52.4908424908425, 0.70996336996337, 50.0

17.8662030696869, 36.0211524771245, 57.7289377289378, 0.730915750915751, 50.0

17.9221670627594, 0, 77.4725274725275, 0.80989010989011, 50.0

17.977765083313, 44.7954103012223, 53.2967032967033, 0.713186813186813, 50.0

18.0390341281891, 63.9222881405344, 43.8278388278388, 0.675311355311355, 50.0

18.0939421653748, 42.0330281048029, 54.7069597069597, 0.718827838827839, 50.0

18.1489682197571, 50.0730080416787, 50.6776556776557, 0.702710622710623, 50.0

18.209911108017, 0, 63.1684981684982, 0.752673992673993, 50.0

18.2655742168427, 30.4184529567375, 60.3479853479854, 0.741391941391942, 50.0

18.320207118988, 0, 62.967032967033, 0.751868131868132, 50.0

18.3749561309814, 44.8393994940942, 53.0952380952381, 0.712380952380952, 50.0

18.4366340637207, 81.9731976392067, 34.7619047619048, 0.639047619047619, 50.0

18.4920480251312, 50.5313345451494, 50.4761904761905, 0.701904761904762, 50.0

18.5472280979157, 32.1368904559166, 59.5421245421245, 0.738168498168498, 50.0

18.6031200885773, 82.9335134631984, 34.3589743589744, 0.637435897435897, 50.0

18.6625480651855, 62.5446551492362, 44.6336996336997, 0.678534798534799, 50.0

18.7181181907654, 36.5462387525117, 57.5274725274725, 0.73010989010989, 50.0

18.7730140686035, 67.383309838536, 42.2161172161172, 0.668864468864469, 50.0

18.8340311050415, 68.8246999075123, 41.6117216117216, 0.666446886446887, 50.0

18.8900721073151, 36.3555518349447, 57.7289377289378, 0.730915750915751, 50.0

18.9451291561127, 70.0500619913631, 41.007326007326, 0.664029304029304, 50.0

19.0000560283661, 89.0860074824029, 31.7399267399267, 0.626959706959707, 50.0

19.061674118042, 58.14463301456, 47.2527472527473, 0.689010989010989, 50.0

19.1170561313629, 46.3736067739597, 53.0952380952381, 0.712380952380952, 50.0

19.1721830368042, 49.1477572328441, 51.6849816849817, 0.706739926739927, 50.0

19.233008146286, 37.2553785598321, 57.5274725274725, 0.73010989010989, 50.0

19.2891440391541, 32.1156418170684, 59.945054945055, 0.73978021978022, 50.0

19.3445291519165, 40.825724121415, 55.5128205128205, 0.722051282051282, 50.0

19.3994560241699, 30.8717718949683, 60.3479853479854, 0.741391941391942, 50.0

19.4601662158966, 55.1004081877159, 48.2600732600733, 0.693040293040293, 50.0

19.5157361030579, 56.7827372040066, 47.4542124542125, 0.68981684981685, 50.0

19.5709590911865, 47.0487525567902, 52.2893772893773, 0.709157509157509, 50.0

19.6367712020874, 48.6197094253567, 51.4835164835165, 0.705934065934066, 50.0

19.6929030418396, 38.7400543340395, 56.3186813186813, 0.725274725274725, 50.0

19.7481122016907, 50.4117345897268, 50.4761904761905, 0.701904761904762, 50.0

19.8030140399933, 35.2853188191577, 57.9304029304029, 0.731721611721612, 50.0

19.863076210022, 71.4445949386763, 40.0, 0.66, 50.0

19.9184720516205, 77.8495711088179, 36.978021978022, 0.647912087912088, 50.0

19.9731760025024, 53.2909528567239, 49.2673992673993, 0.697069597069597, 50.0

20.0292010307312, 43.0995493799774, 54.3040293040293, 0.717216117216117, 50.0

20.0897610187531, 90, 29.1208791208791, 0.616483516483517, 50.0

20.1446781158447, 81.3775653192848, 35.3663003663004, 0.641465201465201, 50.0

20.199508190155, 50.327729157039, 50.8791208791209, 0.703516483516484, 50.0

20.2598750591278, 39.2759214718262, 56.3186813186813, 0.725274725274725, 50.0

20.3175601959229, 61.99146093248, 45.0366300366301, 0.68014652014652, 50.0

20.3772110939026, 90, 30.9340659340659, 0.623736263736264, 50.0

20.4381711483002, 55.5970985024839, 48.2600732600733, 0.693040293040293, 50.0

20.4947550296783, 50.7426444995096, 50.6776556776557, 0.702710622710623, 50.0

20.5500681400299, 34.3847486387678, 58.7362637362638, 0.734945054945055, 50.0

20.6050670146942, 51.7087244288824, 50.0732600732601, 0.70029304029304, 50.0

20.6661081314087, 78.6656831472347, 36.7765567765568, 0.647106227106227, 50.0

20.7221200466156, 58.2065075155578, 47.0512820512821, 0.688205128205128, 50.0

20.7772262096405, 52.5690647555794, 49.8717948717949, 0.699487179487179, 50.0

20.8322200775146, 32.5575457147625, 59.7435897435898, 0.738974358974359, 50.0

20.8937060832977, 63.3504438509434, 44.4322344322344, 0.677728937728938, 50.0

20.9495570659637, 52.4749005954343, 49.8717948717949, 0.699487179487179, 50.0

21.0046710968018, 51.2529403364264, 50.4761904761905, 0.701904761904762, 50.0

21.0605571269989, 43.887360207327, 54.1025641025641, 0.716410256410256, 50.0

21.1241981983185, 41.7165114897074, 55.1098901098901, 0.72043956043956, 50.0

21.1809961795807, 38.2949721747701, 56.7216117216118, 0.726886446886447, 50.0

21.2361030578613, 40.1481814327693, 55.7142857142857, 0.722857142857143, 50.0

21.2961721420288, 42.8404708747024, 54.3040293040293, 0.717216117216117, 50.0

21.3550021648407, 37.3987159187539, 56.9230769230769, 0.727692307692308, 50.0

21.4148871898651, 42.9167405589595, 54.1025641025641, 0.716410256410256, 50.0

21.4715330600739, 42.8020106043133, 54.1025641025641, 0.716410256410256, 50.0

21.5266380310059, 43.9127513537039, 53.4981684981685, 0.713992673992674, 50.0

21.5869572162628, 50.3520628034849, 50.2747252747253, 0.701098901098901, 50.0

21.6431641578674, 47.4802971497559, 51.6849816849817, 0.706739926739927, 50.0

21.7040770053864, 43.7547417045075, 53.4981684981685, 0.713992673992674, 50.0

21.7601912021637, 40.7866298803042, 54.9084249084249, 0.7196336996337, 50.0

21.8150269985199, 45.552215632938, 52.4908424908425, 0.70996336996337, 50.0

21.8707761764526, 45.483912762268, 52.4908424908425, 0.70996336996337, 50.0

21.9359641075134, 52.3643594761907, 49.0659340659341, 0.696263736263736, 50.0

21.9916701316833, 49.5305335892861, 50.4761904761905, 0.701904761904762, 50.0

22.0466539859772, 45.4326826115666, 52.4908424908425, 0.70996336996337, 50.0

22.1077191829681, 53.9429319647204, 48.2600732600733, 0.693040293040293, 50.0

22.163731098175, 45.8147977079662, 52.2893772893773, 0.709157509157509, 50.0

22.2188231945038, 52.6960324324093, 48.8644688644689, 0.695457875457875, 50.0

22.2739779949188, 52.3189489941893, 49.0659340659341, 0.696263736263736, 50.0

22.3356871604919, 52.3476355896763, 49.0659340659341, 0.696263736263736, 50.0

22.3916230201721, 57.6853226174364, 46.4468864468865, 0.685787545787546, 50.0

22.4466061592102, 49.613594327654, 50.4761904761905, 0.701904761904762, 50.0

22.5071611404419, 90, 28.9194139194139, 0.615677655677656, 50.0

22.5655081272125, 70.8705705120449, 40.0, 0.66, 50.0

22.6219921112061, 52.7664086561062, 49.0659340659341, 0.696263736263736, 50.0

22.6767671108246, 90, 1.52014652014654, 0.506080586080586, 50.0

22.737823009491, 76.1078442693192, 37.5824175824176, 0.65032967032967, 50.0

22.7936861515045, 72.3700715268486, 39.5970695970696, 0.658388278388279, 50.0

22.8486380577087, 46.513949097731, 52.4908424908425, 0.70996336996337, 50.0

22.905925989151, 77.8968939458056, 36.978021978022, 0.647912087912088, 50.0

22.9677391052246, 90, -67.7838827838828, 0.228864468864469, 50.0

23.024533033371, 53.7483422288963, 49.0659340659341, 0.696263736263736, 50.0

23.0797719955444, 82.7873708018452, 34.7619047619048, 0.639047619047619, 50.0

23.1400990486145, 59.9330525214854, 46.2454212454212, 0.684981684981685, 50.0

23.1955289840698, 62.080914105251, 45.2380952380952, 0.680952380952381, 50.0

23.2505781650543, 38.5211617518693, 56.9230769230769, 0.727692307692308, 50.0

23.3065371513367, 53.8527163568432, 49.2673992673993, 0.697069597069597, 50.0

23.3705830574036, 90, 29.5238095238095, 0.618095238095238, 50.0

23.4266581535339, 62.0518505966269, 45.2380952380952, 0.680952380952381, 50.0

23.4810562133789, 0, 68.003663003663, 0.772014652014652, 50.0

23.5411751270294, 46.6607936267013, 52.8937728937729, 0.711575091575092, 50.0

23.598964214325, 0, 63.7728937728938, 0.755091575091575, 50.0

23.6548571586609, 33.5049923610336, 59.3406593406594, 0.737362637362637, 50.0

23.7097351551056, 0, 67.1978021978022, 0.768791208791209, 50.0

23.7709541320801, 44.2662200473603, 53.9010989010989, 0.715604395604396, 50.0

23.8265850543976, 47.8343063702075, 52.0879120879121, 0.708351648351648, 50.0

23.8818831443787, 32.6626002482878, 59.5421245421245, 0.738168498168498, 50.0

23.9429461956024, 44.6535607091672, 53.4981684981685, 0.713992673992674, 50.0

23.9986901283264, 0, 69.010989010989, 0.776043956043956, 50.0

24.0531680583954, 46.5999226212063, 52.4908424908425, 0.70996336996337, 50.0

24.1086821556091, 62.4624713851417, 44.6336996336997, 0.678534798534799, 50.0

24.1751470565796, 32.3521826926604, 59.5421245421245, 0.738168498168498, 50.0

24.2307181358337, 57.0141063832536, 47.2527472527473, 0.689010989010989, 50.0

24.2858321666718, 55.0473762519192, 48.2600732600733, 0.693040293040293, 50.0

24.3465461730957, 0, 65.1831501831502, 0.760732600732601, 50.0

24.4026210308075, 48.5554258639995, 51.4835164835165, 0.705934065934066, 50.0

24.4576110839844, 0, 66.5934065934066, 0.766373626373626, 50.0

24.5121731758118, 40.3460424461643, 55.5128205128205, 0.722051282051282, 50.0

24.5720381736755, 0, 76.4652014652015, 0.805860805860806, 50.0

24.6271371841431, 46.3208826208288, 52.4908424908425, 0.70996336996337, 50.0

24.6820721626282, 89.9581949854944, 30.9340659340659, 0.623736263736264, 50.0

24.7380180358887, 32.4798453399985, 59.5421245421245, 0.738168498168498, 50.0

24.7988510131836, 0, 67.1978021978022, 0.768791208791209, 50.0

24.8536741733551, 30.5831245013644, 60.3479853479854, 0.741391941391942, 50.0

24.9082281589508, 0, 68.4065934065934, 0.773626373626374, 50.0

24.9689481258392, 51.5390085257015, 49.8717948717949, 0.699487179487179, 50.0

25.0249600410461, 57.2701677756431, 47.0512820512821, 0.688205128205128, 50.0

25.0796329975128, 0, 61.959706959707, 0.747838827838828, 50.0

25.1340560913086, 49.9991197332793, 50.6776556776557, 0.702710622710623, 50.0

25.1956741809845, 47.9328332410189, 51.6849816849817, 0.706739926739927, 50.0

25.2510859966278, 0, 68.6080586080586, 0.774432234432235, 50.0

25.3060641288757, 49.1119336732576, 51.0805860805861, 0.704322344322344, 50.0

25.3616540431976, 90, 5.95238095238096, 0.523809523809524, 50.0

25.4226970672607, 35.5787409181558, 57.7289377289378, 0.730915750915751, 50.0

25.4779779911041, 52.5222050750647, 49.2673992673993, 0.697069597069597, 50.0

25.5330600738525, 31.7098213901449, 59.5421245421245, 0.738168498168498, 50.0

25.5937621593475, 46.1513735392153, 52.2893772893773, 0.709157509157509, 50.0

25.6521911621094, 0, 74.2490842490843, 0.796996336996337, 50.0

25.7088830471039, 55.8967074544437, 47.4542124542125, 0.68981684981685, 50.0

25.7650060653687, 65.3652718477632, 42.8205128205128, 0.671282051282051, 50.0

25.8256871700287, 36.5389707324267, 57.1245421245422, 0.728498168498169, 50.0

25.8811490535736, 66.5731391932937, 42.2161172161172, 0.668864468864469, 50.0

25.9360201358795, 49.6314541826316, 50.6776556776557, 0.702710622710623, 50.0

25.9962000846863, 0, 65.989010989011, 0.763956043956044, 50.0

26.0519711971283, 34.4781215177786, 58.1318681318682, 0.732527472527473, 50.0

26.1071491241455, 0, 69.4139194139195, 0.777655677655678, 50.0

26.1620440483093, 31.8040347688799, 59.3406593406594, 0.737362637362637, 50.0

26.2229981422424, 0, 68.003663003663, 0.772014652014652, 50.0

26.2847611904144, 45.4319695915493, 52.4908424908425, 0.70996336996337, 50.0

26.3456699848175, 40.0418271555567, 55.1098901098901, 0.72043956043956, 50.0

26.4029190540314, 0, 68.003663003663, 0.772014652014652, 50.0

26.4618511199951, 38.2503877891287, 55.9157509157509, 0.723663003663004, 50.0

26.5169560909271, 0, 68.003663003663, 0.772014652014652, 50.0

26.5716910362244, 34.8225886786812, 57.5274725274725, 0.73010989010989, 50.0

26.6332201957703, 0, 68.8095238095238, 0.775238095238095, 50.0

26.6886141300201, 41.1510351616819, 54.3040293040293, 0.717216117216117, 50.0

26.743625164032, 56.5546851738903, 46.6483516483517, 0.686593406593407, 50.0

26.8045001029968, 0, 65.7875457875458, 0.763150183150183, 50.0

26.8600721359253, 51.7479604067818, 49.0659340659341, 0.696263736263736, 50.0

26.915158033371, 38.7006283417725, 55.5128205128205, 0.722051282051282, 50.0

26.9697840213776, 0, 74.4505494505495, 0.797802197802198, 50.0

27.029678106308, 44.262027404247, 52.6923076923077, 0.710769230769231, 50.0

27.0879712104797, 0, 73.0402930402931, 0.792161172161172, 50.0

27.1440842151642, 49.4980715438995, 50.0732600732601, 0.70029304029304, 50.0

27.2018201351166, 65.4268068009679, 42.2161172161172, 0.668864468864469, 50.0

27.2608571052551, 0, 62.7655677655678, 0.751062271062271, 50.0

27.3157351016998, 44.8087971289077, 52.4908424908425, 0.70996336996337, 50.0

27.370875120163, 74.5597217982504, 37.7838827838828, 0.651135531135531, 50.0

27.4321792125702, 38.9463622906268, 55.5128205128205, 0.722051282051282, 50.0

27.4881811141968, 44.9151661435324, 52.4908424908425, 0.70996336996337, 50.0

27.5431451797485, 0, 68.6080586080586, 0.774432234432235, 50.0

27.5980181694031, 44.8471275419541, 52.4908424908425, 0.70996336996337, 50.0

27.6591680049896, 0, 62.967032967033, 0.751868131868132, 50.0

27.7145080566406, 37.8355913699326, 55.9157509157509, 0.723663003663004, 50.0

27.7690920829773, 0, 75.4578754578755, 0.801831501831502, 50.0

27.8294551372528, 51.969007923926, 48.8644688644689, 0.695457875457875, 50.0

27.8849520683289, 90, 2.12454212454213, 0.508498168498169, 50.0

27.939887046814, 33.6185467243193, 57.9304029304029, 0.731721611721612, 50.0

27.9951431751251, 32.5820358113926, 58.3333333333334, 0.733333333333333, 50.0

28.0548551082611, 0, 66.1904761904762, 0.764761904761905, 50.0

28.1100101470947, 38.8883617334749, 55.1098901098901, 0.72043956043956, 50.0

28.164980173111, 33.8444790189518, 57.5274725274725, 0.73010989010989, 50.0

28.2205240726471, 0, 68.2051282051282, 0.772820512820513, 50.0

28.2839751243591, 36.4800557221247, 56.1172161172161, 0.724468864468864, 50.0

28.3435289859772, 69.0086726413103, 40.0, 0.66, 50.0

28.4010860919952, 0, 60.3479853479854, 0.741391941391942, 50.0

28.4610941410065, 48.0420326116756, 50.4761904761905, 0.701904761904762, 50.0

28.5200560092926, 49.6634773391505, 49.6703296703297, 0.698681318681319, 50.0

28.5810720920563, 0, 68.2051282051282, 0.772820512820513, 50.0

28.6420161724091, 45.9928156080699, 51.4835164835165, 0.705934065934066, 50.0

28.6976861953735, 0, 62.967032967033, 0.751868131868132, 50.0

28.7525601387024, 41.8672209192107, 53.4981684981685, 0.713992673992674, 50.0

28.8075301647186, 0, 73.4432234432235, 0.793772893772894, 50.0

28.8681530952454, 48.3064686378715, 50.2747252747253, 0.701098901098901, 50.0

28.923840045929, 90, 2.12454212454213, 0.508498168498169, 50.0

28.9784920215607, 0, 60.5494505494506, 0.742197802197802, 50.0

29.0331180095673, 48.7073973552646, 50.0732600732601, 0.70029304029304, 50.0

29.0948791503906, 50.7506719395353, 49.0659340659341, 0.696263736263736, 50.0

29.1502439975739, 0, 67.1978021978022, 0.768791208791209, 50.0

29.2050681114197, 61.3953653600188, 43.8278388278388, 0.675311355311355, 50.0

29.2659890651703, 64.015754397972, 42.6190476190476, 0.670476190476191, 50.0

29.3214521408081, 31.9240730127571, 58.5347985347985, 0.734139194139194, 50.0

29.3761570453644, 50.0705625220531, 49.4688644688645, 0.697875457875458, 50.0

29.4308280944824, 0, 68.003663003663, 0.772014652014652, 50.0

29.4909031391144, 40.6817605141753, 54.1025641025641, 0.716410256410256, 50.0

29.5497071743011, 65.5027678619809, 41.8131868131868, 0.667252747252747, 50.0

29.605926990509, 41.2172939205343, 53.9010989010989, 0.715604395604396, 50.0

29.6668381690979, 0, 70.018315018315, 0.78007326007326, 50.0

29.7250611782074, 35.78252185177, 56.5201465201465, 0.726080586080586, 50.0

29.7841761112213, 0, 65.3846153846154, 0.761538461538462, 50.0

29.8400020599365, 33.1368011934851, 57.7289377289378, 0.730915750915751, 50.0

29.9009521007538, 0, 63.1684981684982, 0.752673992673993, 50.0

29.9565370082855, 43.538236476126, 52.4908424908425, 0.70996336996337, 50.0

30.0115170478821, 47.5543890527752, 50.4761904761905, 0.701904761904762, 50.0

30.0670261383057, 0, 61.5567765567766, 0.746227106227106, 50.0

30.127060174942, 66.764869565492, 41.007326007326, 0.664029304029304, 50.0

30.1826300621033, 62.5198582786342, 43.2234432234432, 0.672893772893773, 50.0

30.2377421855927, 35.3379884373135, 56.7216117216118, 0.726886446886447, 50.0

30.2986581325531, 69.4688906556083, 39.7985347985348, 0.659194139194139, 50.0

30.3571820259094, 50.96386548582, 49.0659340659341, 0.696263736263736, 50.0

30.4129660129547, 0, 64.981684981685, 0.75992673992674, 50.0

30.4678370952606, 52.2144004866315, 48.4615384615385, 0.693846153846154, 50.0

30.5289351940155, 0, 67.6007326007326, 0.77040293040293, 50.0

30.583878993988, 56.3409103687864, 46.4468864468865, 0.685787545787546, 50.0

30.6390600204468, 72.7791158249088, 38.3882783882784, 0.653553113553114, 50.0

30.699942111969, 43.2801794678298, 53.0952380952381, 0.712380952380952, 50.0

30.7561550140381, 35.8208473785454, 56.7216117216118, 0.726886446886447, 50.0

30.8156061172485, 0, 62.967032967033, 0.751868131868132, 50.0

30.8700721263886, 30.3306706047754, 59.3406593406594, 0.737362637362637, 50.0

30.9321131706238, 68.0925500698577, 40.6043956043956, 0.662417582417583, 50.0

30.9877641201019, 56.0983398895122, 46.6483516483517, 0.686593406593407, 50.0

31.0429401397705, 44.3447928463581, 52.4908424908425, 0.70996336996337, 50.0

31.0986750125885, 0, 59.945054945055, 0.73978021978022, 50.0

31.1589210033417, 49.5867567468474, 49.8717948717949, 0.699487179487179, 50.0

31.2141749858856, 0, 64.7802197802198, 0.759120879120879, 50.0

31.2690482139587, 63.4773820682321, 43.021978021978, 0.672087912087912, 50.0

31.3297591209412, 59.1879597972163, 45.2380952380952, 0.680952380952381, 50.0

31.3900721073151, 46.2432018238981, 51.6849816849817, 0.706739926739927, 50.0

31.4465939998627, 90, 25.8974358974359, 0.603589743589744, 50.0

31.5034801959991, 65.3938279090782, 42.2161172161172, 0.668864468864469, 50.0

31.5630810260773, 50.4954966738982, 49.6703296703297, 0.698681318681319, 50.0

31.6185331344604, 30.8943734195204, 59.3406593406594, 0.737362637362637, 50.0

31.6736581325531, 55.1461591301381, 47.2527472527473, 0.689010989010989, 50.0

31.7341961860657, 90, 29.3223443223443, 0.617289377289377, 50.0

31.7925860881805, 60.5447148228738, 44.6336996336997, 0.678534798534799, 50.0

31.8491561412811, 39.4396172207352, 55.1098901098901, 0.72043956043956, 50.0

31.9051251411438, 65.441628325553, 42.2161172161172, 0.668864468864469, 50.0

31.9652380943298, 35.816229522883, 56.9230769230769, 0.727692307692308, 50.0

32.0246171951294, 76.086099396695, 36.978021978022, 0.647912087912088, 50.0

32.0796751976013, 76.4509615662332, 36.978021978022, 0.647912087912088, 50.0

32.1399011611939, 59.244630279995, 45.6410256410256, 0.682564102564103, 50.0

32.1960141658783, 41.7879142145532, 54.3040293040293, 0.717216117216117, 50.0

32.2509481906891, 68.224017085173, 41.2087912087912, 0.664835164835165, 50.0

32.3052361011505, 90, 24.6886446886447, 0.598754578754579, 50.0

32.3655440807343, 62.3511852886212, 44.2307692307692, 0.676923076923077, 50.0

32.4208950996399, 75.1771403756332, 37.985347985348, 0.651941391941392, 50.0

32.4765009880066, 60.8037740406971, 45.2380952380952, 0.680952380952381, 50.0

32.5337820053101, 51.5399127216128, 49.8717948717949, 0.699487179487179, 50.0

32.5932111740112, 43.7701179300034, 53.6996336996337, 0.714798534798535, 50.0

32.6485681533813, 50.2038289120781, 50.4761904761905, 0.701904761904762, 50.0

32.7036621570587, 77.5589537686042, 36.978021978022, 0.647912087912088, 50.0

32.7648751735687, 67.3004363984851, 42.2161172161172, 0.668864468864469, 50.0

32.8206951618195, 45.0392553723336, 53.2967032967033, 0.713186813186813, 50.0

32.8757231235504, 65.7823494655307, 43.021978021978, 0.672087912087912, 50.0

32.9317920207977, 58.2133395047413, 46.8498168498169, 0.687399267399267, 50.0

32.992504119873, 32.9440180307777, 59.3406593406594, 0.737362637362637, 50.0

33.0529661178589, 52.7024089067408, 49.4688644688645, 0.697875457875458, 50.0

33.1081430912018, 32.2689189033192, 59.5421245421245, 0.738168498168498, 50.0

33.1691510677338, 51.6131420973891, 49.8717948717949, 0.699487179487179, 50.0

33.2271771430969, 43.4360967407295, 53.9010989010989, 0.715604395604396, 50.0

33.2835371494293, 0, 75.0549450549451, 0.80021978021978, 50.0

33.3389921188355, 54.7656654460087, 48.2600732600733, 0.693040293040293, 50.0

33.3989460468292, 56.8585881841923, 47.2527472527473, 0.689010989010989, 50.0

33.4550840854645, 31.9958940748765, 59.5421245421245, 0.738168498168498, 50.0

33.5100221633911, 57.0593353702033, 47.0512820512821, 0.688205128205128, 50.0

33.571170091629, 35.0833126236666, 57.9304029304029, 0.731721611721612, 50.0

33.6290240287781, 51.2045931510434, 49.8717948717949, 0.699487179487179, 50.0

33.6851379871368, 90, 23.4798534798535, 0.593919413919414, 50.0

33.7400240898132, 50.3911982853332, 50.2747252747253, 0.701098901098901, 50.0

33.8010900020599, 0, 62.967032967033, 0.751868131868132, 50.0

33.8597071170807, 37.3021586146544, 56.7216117216118, 0.726886446886447, 50.0

33.9156501293182, 0, 63.7728937728938, 0.755091575091575, 50.0

33.9764630794525, 44.0618536345686, 53.2967032967033, 0.713186813186813, 50.0

34.0324740409851, 48.8700197402372, 50.8791208791209, 0.703516483516484, 50.0

34.0871851444244, 0, 63.3699633699634, 0.753479853479854, 50.0

34.1420300006866, 68.8592488468783, 41.007326007326, 0.664029304029304, 50.0

34.2026460170746, 58.0864387554125, 46.4468864468865, 0.685787545787546, 50.0

34.2582161426544, 0, 64.1758241758242, 0.756703296703297, 50.0

34.3129861354828, 56.5498684483131, 47.2527472527473, 0.689010989010989, 50.0

34.3686101436615, 0, 60.7509157509158, 0.743003663003663, 50.0

34.428973197937, 59.4962830115585, 45.8424908424908, 0.683369963369963, 50.0

34.4920361042023, 69.0232305081334, 41.2087912087912, 0.664835164835165, 50.0

34.5481531620026, 39.0232501449164, 56.1172161172161, 0.724468864468864, 50.0

34.6082081794739, 74.4078376638144, 38.5897435897436, 0.654358974358975, 50.0

34.6640100479126, 67.7914886880705, 42.014652014652, 0.668058608058608, 50.0

34.7190840244293, 32.8803875136285, 59.3406593406594, 0.737362637362637, 50.0

34.7750470638275, 57.1315686628493, 47.2527472527473, 0.689010989010989, 50.0

34.8381440639496, 0, 61.959706959707, 0.747838827838828, 50.0

34.8946580886841, 53.5322316574961, 49.0659340659341, 0.696263736263736, 50.0

34.9491000175476, 0, 63.974358974359, 0.755897435897436, 50.0

35.0095870494843, 58.868451459067, 46.4468864468865, 0.685787545787546, 50.0

35.0649750232697, 63.4725542797708, 44.2307692307692, 0.676923076923077, 50.0

35.1199941635132, 35.4434329227648, 58.1318681318682, 0.732527472527473, 50.0

35.1749670505524, 61.3616547981896, 45.2380952380952, 0.680952380952381, 50.0

35.2361500263214, 90, 13.8095238095238, 0.555238095238095, 50.0

35.2965400218964, 43.1114277691192, 54.3040293040293, 0.717216117216117, 50.0

35.3516790866852, 65.885484694561, 43.021978021978, 0.672087912087912, 50.0

35.4127070903778, 42.3864753604369, 54.7069597069597, 0.718827838827839, 50.0

35.4689111709595, 57.3798562100516, 47.2527472527473, 0.689010989010989, 50.0

35.5239171981812, 0, 67.3992673992674, 0.76959706959707, 50.0

35.5786221027374, 56.637759815642, 47.6556776556777, 0.690622710622711, 50.0

35.6390380859375, 0, 68.2051282051282, 0.772820512820513, 50.0

35.6947460174561, 55.4798326780505, 48.2600732600733, 0.693040293040293, 50.0

35.7491660118103, 0, 61.1538461538462, 0.744615384615385, 50.0

35.8049440383911, 71.4559742426259, 40.4029304029304, 0.661611721611722, 50.0

35.8656101226807, 69.7042713890144, 41.4102564102564, 0.665641025641026, 50.0

35.9256792068481, 40.518826918724, 55.9157509157509, 0.723663003663004, 50.0

35.9806950092316, 82.0293015176121, 35.3663003663004, 0.641465201465201, 50.0

36.0411081314087, 55.8850275465855, 48.4615384615385, 0.693846153846154, 50.0

36.0967671871185, 35.0910970252073, 58.7362637362638, 0.734945054945055, 50.0

36.1518189907074, 49.1472481480446, 51.6849816849817, 0.706739926739927, 50.0

36.2076470851898, 0, 64.5787545787546, 0.758315018315018, 50.0

36.2697780132294, 43.7780675695927, 54.3040293040293, 0.717216117216117, 50.0

36.3270061016083, 0, 69.4139194139195, 0.777655677655678, 50.0

36.3820760250092, 55.9145515807817, 48.2600732600733, 0.693040293040293, 50.0

36.4426741600037, 55.963120807658, 48.2600732600733, 0.693040293040293, 50.0

36.4985160827637, 0, 64.1758241758242, 0.756703296703297, 50.0

36.5530631542206, 63.7734347974859, 44.4322344322344, 0.677728937728938, 50.0

36.6080751419067, 70.4617234616924, 41.2087912087912, 0.664835164835165, 50.0

36.6697390079498, 44.1390875407625, 54.3040293040293, 0.717216117216117, 50.0

36.7252340316772, 82.832400584832, 35.1648351648352, 0.640659340659341, 50.0

36.7802140712738, 68.9429201398575, 42.2161172161172, 0.668864468864469, 50.0

36.8402361869812, 33.2112233870193, 59.945054945055, 0.73978021978022, 50.0

36.8996660709381, 56.6343937928858, 48.2600732600733, 0.693040293040293, 50.0

36.9559831619263, 0, 61.5567765567766, 0.746227106227106, 50.0

37.0106911659241, 46.130878466826, 53.2967032967033, 0.713186813186813, 50.0

37.0716781616211, 0, 62.1611721611722, 0.748644688644689, 50.0

37.1269919872284, 43.9968865454849, 54.3040293040293, 0.717216117216117, 50.0

37.1820480823517, 84.3175465523539, 34.3589743589744, 0.637435897435897, 50.0

37.2378849983215, 50.84456599239, 51.0805860805861, 0.704322344322344, 50.0

37.2974720001221, 65.5338183471133, 43.8278388278388, 0.675311355311355, 50.0

37.3531081676483, 55.0839134406692, 49.0659340659341, 0.696263736263736, 50.0

37.4080801010132, 51.4333200498376, 50.8791208791209, 0.703516483516484, 50.0

37.4650361537933, 0, 66.996336996337, 0.767985347985348, 50.0

37.529639005661, 48.1347878817671, 52.4908424908425, 0.70996336996337, 50.0

37.5842390060425, 0, 69.4139194139195, 0.777655677655678, 50.0

37.6401691436768, 58.6860045583254, 47.2527472527473, 0.689010989010989, 50.0

37.7008481025696, 58.7701335669435, 47.2527472527473, 0.689010989010989, 50.0

37.75665807724, 32.2894018822971, 60.3479853479854, 0.741391941391942, 50.0

37.8117151260376, 54.8791949652925, 49.0659340659341, 0.696263736263736, 50.0

37.8715791702271, 32.0301548530764, 60.3479853479854, 0.741391941391942, 50.0

37.9285490512848, 56.2592024506228, 48.2600732600733, 0.693040293040293, 50.0

37.9830961227417, 0, 63.1684981684982, 0.752673992673993, 50.0

38.0379641056061, 69.7854087291617, 41.6117216117216, 0.666446886446887, 50.0

38.0994720458984, 50.8176124860076, 51.0805860805861, 0.704322344322344, 50.0

38.1569900512695, 0, 68.8095238095238, 0.775238095238095, 50.0

38.2129151821136, 44.6596033516382, 54.1025641025641, 0.716410256410256, 50.0

38.2737741470337, 38.0088960927919, 57.3260073260073, 0.729304029304029, 50.0

38.3298439979553, 63.9668464333144, 44.4322344322344, 0.677728937728938, 50.0

38.3846790790558, 46.5551694365209, 53.0952380952381, 0.712380952380952, 50.0

38.439658164978, 48.1040234312467, 52.2893772893773, 0.709157509157509, 50.0

38.5007951259613, 0, 67.3992673992674, 0.76959706959707, 50.0

38.5560381412506, 48.0400455958674, 52.2893772893773, 0.709157509157509, 50.0

38.6110219955444, 30.8222754927343, 60.7509157509158, 0.743003663003663, 50.0

38.6669499874115, 64.0216751085531, 44.2307692307692, 0.676923076923077, 50.0

38.7284920215607, 62.9710285807702, 44.8351648351648, 0.679340659340659, 50.0

38.7836661338806, 36.9670458394527, 57.7289377289378, 0.730915750915751, 50.0

38.8386540412903, 80.4618474328035, 36.1721611721612, 0.644688644688645, 50.0

38.8996222019196, 56.3339190059527, 48.2600732600733, 0.693040293040293, 50.0

38.9576900005341, 62.5235323395046, 45.2380952380952, 0.680952380952381, 50.0

39.0166301727295, 0, 63.974358974359, 0.755897435897436, 50.0

39.0726041793823, 47.9496295526348, 52.4908424908425, 0.70996336996337, 50.0

39.1366631984711, 0, 65.3846153846154, 0.761538461538462, 50.0

39.1941890716553, 33.972503285268, 59.3406593406594, 0.737362637362637, 50.0

39.2489621639252, 0, 69.8168498168499, 0.779267399267399, 50.0

39.3091990947723, 39.8441740029895, 56.3186813186813, 0.725274725274725, 50.0

39.3651690483093, 45.7879101422241, 53.2967032967033, 0.713186813186813, 50.0

39.4200711250305, 31.8062942652473, 60.1465201465202, 0.740586080586081, 50.0

39.4746861457825, 0, 62.967032967033, 0.751868131868132, 50.0

39.5356421470642, 0, 62.1611721611722, 0.748644688644689, 50.0

39.590879201889, 40.1047269568773, 55.9157509157509, 0.723663003663004, 50.0

39.6459360122681, 48.5195601794307, 51.6849816849817, 0.706739926739927, 50.0

39.7062001228333, 0, 62.967032967033, 0.751868131868132, 50.0

39.766960144043, 35.3590167813246, 58.1318681318682, 0.732527472527473, 50.0

39.8220760822296, 71.0845301679637, 40.4029304029304, 0.661611721611722, 50.0

39.8771810531616, 40.3046942084697, 55.7142857142857, 0.722857142857143, 50.0

39.9386231899262, 0, 61.1538461538462, 0.744615384615385, 50.0

39.993949174881, 46.6828582203866, 52.4908424908425, 0.70996336996337, 50.0

40.0491712093353, 57.2353039971199, 47.2527472527473, 0.689010989010989, 50.0

40.1050181388855, 38.1130702547972, 56.7216117216118, 0.726886446886447, 50.0

40.1682209968567, 72.2726896809132, 39.7985347985348, 0.659194139194139, 50.0

40.2287101745605, 60.7155697708162, 45.6410256410256, 0.682564102564103, 50.0

40.2844560146332, 0, 61.3553113553114, 0.745421245421246, 50.0

40.3452291488647, 71.4667499043563, 40.4029304029304, 0.661611721611722, 50.0

40.4014551639557, 57.8483661779988, 47.2527472527473, 0.689010989010989, 50.0

40.4562001228333, 0, 62.5641025641026, 0.75025641025641, 50.0

40.5137782096863, 50.1631317143036, 51.0805860805861, 0.704322344322344, 50.0

40.5726580619812, 0, 61.959706959707, 0.747838827838828, 50.0

40.6271030902863, 46.4574383051839, 52.8937728937729, 0.711575091575092, 50.0

40.6818790435791, 0, 68.6080586080586, 0.774432234432235, 50.0

40.7428150177002, 46.7870975435869, 52.6923076923077, 0.710769230769231, 50.0

40.8006660938263, 90, 9.17582417582419, 0.536703296703297, 50.0

40.8599190711975, 41.3861718042427, 55.3113553113553, 0.721245421245421, 50.0

40.9158160686493, 0, 65.989010989011, 0.763956043956044, 50.0

40.9795110225677, 49.4058305199763, 51.2820512820513, 0.705128205128205, 50.0

41.035569190979, 67.7665994826689, 42.2161172161172, 0.668864468864469, 50.0

41.0905451774597, 41.8377043257701, 55.1098901098901, 0.72043956043956, 50.0

41.1517071723938, 42.1052280756141, 54.9084249084249, 0.7196336996337, 50.0

41.2069010734558, 0, 62.7655677655678, 0.751062271062271, 50.0

41.2619071006775, 35.4353082529352, 58.1318681318682, 0.732527472527473, 50.0

41.3169870376587, 78.1046928503572, 36.978021978022, 0.647912087912088, 50.0

41.3781061172485, 60.9116796870806, 45.6410256410256, 0.682564102564103, 50.0

41.4336621761322, 34.0707560074633, 58.9377289377289, 0.735750915750916, 50.0

41.4886331558228, 78.3485929869904, 36.978021978022, 0.647912087912088, 50.0

41.5500371456146, 69.3120016501497, 41.6117216117216, 0.666446886446887, 50.0

41.6089382171631, 40.1118929351203, 56.1172161172161, 0.724468864468864, 50.0

41.6690781116486, 75.094253008182, 38.7912087912088, 0.655164835164835, 50.0

41.7272260189056, 68.4887495931686, 42.2161172161172, 0.668864468864469, 50.0

41.7839682102203, 37.6514766853805, 57.5274725274725, 0.73010989010989, 50.0

41.8389852046967, 68.4877813168059, 42.2161172161172, 0.668864468864469, 50.0

41.8937389850616, 0, 61.3553113553114, 0.745421245421246, 50.0

41.9531350135803, 56.9511909777426, 47.8571428571429, 0.691428571428571, 50.0

42.0198202133179, 32.0374694695837, 60.1465201465202, 0.740586080586081, 50.0

42.0771360397339, 46.4546199181139, 52.8937728937729, 0.711575091575092, 50.0

42.1318790912628, 0, 61.959706959707, 0.747838827838828, 50.0

42.192990064621, 45.1401685751399, 53.4981684981685, 0.713992673992674, 50.0

42.2549850940704, 38.4952493377655, 56.7216117216118, 0.726886446886447, 50.0

42.3115570545197, 0, 64.5787545787546, 0.758315018315018, 50.0

42.3720891475678, 48.5222498925175, 51.6849816849817, 0.706739926739927, 50.0

42.4280722141266, 57.4708464556122, 47.2527472527473, 0.689010989010989, 50.0

42.4831922054291, 39.979801782758, 55.9157509157509, 0.723663003663004, 50.0

42.5378911495209, 90, 12.6007326007326, 0.55040293040293, 50.0

42.5950601100922, 46.7587541333045, 52.4908424908425, 0.70996336996337, 50.0

42.657683134079, 0, 73.4432234432235, 0.793772893772894, 50.0

42.7170720100403, 36.4633285737297, 57.5274725274725, 0.73010989010989, 50.0

42.7787880897522, 0, 63.5714285714286, 0.754285714285714, 50.0

42.8342080116272, 32.5516022299669, 59.3406593406594, 0.737362637362637, 50.0

42.8890562057495, 33.9261462836909, 58.5347985347985, 0.734139194139194, 50.0

42.9437642097473, 0, 67.8021978021978, 0.771208791208791, 50.0

43.0007619857788, 58.2020582427906, 46.4468864468865, 0.685787545787546, 50.0

43.0600781440735, 45.6314078377277, 52.6923076923077, 0.710769230769231, 50.0

43.1151750087738, 0, 67.3992673992674, 0.76959706959707, 50.0

43.1707880496979, 55.360193571328, 47.8571428571429, 0.691428571428571, 50.0

43.2342081069946, 58.2890799368691, 46.4468864468865, 0.685787545787546, 50.0

43.2940452098846, 33.8635485862198, 58.5347985347985, 0.734139194139194, 50.0

43.349867105484, 59.3726105917066, 45.8424908424908, 0.683369963369963, 50.0

43.4101672172546, 68.0770485086753, 41.6117216117216, 0.666446886446887, 50.0

43.4660761356354, 34.7996542436296, 58.1318681318682, 0.732527472527473, 50.0

43.521064043045, 73.3834566214143, 38.992673992674, 0.655970695970696, 50.0

43.5760672092438, 53.262582676751, 49.0659340659341, 0.696263736263736, 50.0

43.6371581554413, 0, 60.5494505494506, 0.742197802197802, 50.0

43.6922180652618, 32.1337737617909, 59.3406593406594, 0.737362637362637, 50.0

43.7471921443939, 36.7783845649968, 56.9230769230769, 0.727692307692308, 50.0

43.8082242012024, 0, 65.5860805860806, 0.762344322344322, 50.0

43.8640460968018, 31.6586475712909, 59.3406593406594, 0.737362637362637, 50.0

43.9192230701447, 45.2887868138894, 52.4908424908425, 0.70996336996337, 50.0

43.9744720458984, 36.2336252678879, 56.9230769230769, 0.727692307692308, 50.0

44.0342040061951, 0, 61.959706959707, 0.747838827838828, 50.0

44.0928790569305, 49.5222894372518, 50.2747252747253, 0.701098901098901, 50.0

44.1491701602936, 58.5048917951162, 45.8424908424908, 0.683369963369963, 50.0

44.2144420146942, 38.6043245342622, 55.7142857142857, 0.722857142857143, 50.0

44.2704629898071, 65.8555911967167, 42.2161172161172, 0.668864468864469, 50.0

44.325690984726, 50.5478183231945, 49.8717948717949, 0.699487179487179, 50.0

44.3801941871643, 0, 62.967032967033, 0.751868131868132, 50.0

44.4415581226349, 50.5517065175721, 49.8717948717949, 0.699487179487179, 50.0

44.4966270923615, 0, 65.5860805860806, 0.762344322344322, 50.0

44.5509791374207, 56.6813035544019, 46.8498168498169, 0.687399267399267, 50.0

44.6085681915283, 67.3886279483415, 41.6117216117216, 0.666446886446887, 50.0

44.6679050922394, 43.5088509386709, 53.4981684981685, 0.713992673992674, 50.0

44.7229981422424, 71.6011712446315, 39.5970695970696, 0.658388278388279, 50.0

44.7780342102051, 74.7462809391508, 38.1868131868132, 0.652747252747253, 50.0

44.8384799957275, 41.9844541750545, 54.5054945054945, 0.718021978021978, 50.0

44.8942360877991, 57.3908380056036, 46.8498168498169, 0.687399267399267, 50.0

44.9490041732788, 0, 78.4798534798535, 0.813919413919414, 50.0

45.0037190914154, 57.0680539795765, 47.0512820512821, 0.688205128205128, 50.0

45.0650911331177, 50.2037012031224, 50.4761904761905, 0.701904761904762, 50.0

45.1204562187195, 0, 65.7875457875458, 0.763150183150183, 50.0

45.1750380992889, 47.7401103488689, 51.6849816849817, 0.706739926739927, 50.0

45.2358441352844, 31.7638071945733, 59.5421245421245, 0.738168498168498, 50.0

45.2951941490173, 68.6996521050238, 41.2087912087912, 0.664835164835165, 50.0

45.3520441055298, 66.5065627613345, 42.4175824175824, 0.66967032967033, 50.0

45.4070780277252, 31.9871788627496, 59.5421245421245, 0.738168498168498, 50.0

45.4680562019348, 62.7853025163047, 44.2307692307692, 0.676923076923077, 50.0

45.5237150192261, 68.6649691228899, 41.4102564102564, 0.665641025641026, 50.0

45.5788111686707, 32.5468939608267, 59.3406593406594, 0.737362637362637, 50.0

45.6407430171967, 54.3478449229353, 48.4615384615385, 0.693846153846154, 50.0

45.7007150650024, 0, 64.3772893772894, 0.757509157509158, 50.0

45.7669591903687, 35.9641074020781, 57.5274725274725, 0.73010989010989, 50.0

45.8251760005951, 0, 62.7655677655678, 0.751062271062271, 50.0

45.8814921379089, 0, 62.1611721611722, 0.748644688644689, 50.0

45.9361901283264, 34.9406244313758, 57.9304029304029, 0.731721611721612, 50.0

45.9910571575165, 40.4414398067598, 55.1098901098901, 0.72043956043956, 50.0

46.0468502044678, 0, 61.959706959707, 0.747838827838828, 50.0

46.1071040630341, 73.8271047627966, 38.5897435897436, 0.654358974358975, 50.0

46.1626260280609, 65.1572635147595, 43.021978021978, 0.672087912087912, 50.0

46.217707157135, 39.2067981333957, 55.9157509157509, 0.723663003663004, 50.0

46.2776870727539, 0, 64.5787545787546, 0.758315018315018, 50.0

46.3378500938416, 42.7110569424679, 54.1025641025641, 0.716410256410256, 50.0

46.3991861343384, 46.6784502036403, 52.0879120879121, 0.708351648351648, 50.0

46.4651370048523, 32.7067512120953, 58.9377289377289, 0.735750915750916, 50.0

46.5214631557465, 40.1937081154447, 55.1098901098901, 0.72043956043956, 50.0

46.5762240886688, 0, 65.5860805860806, 0.762344322344322, 50.0

46.6316862106323, 44.9546514587958, 52.6923076923077, 0.710769230769231, 50.0

46.6921072006226, 56.7343905295205, 46.8498168498169, 0.687399267399267, 50.0

46.747875213623, 39.6628160136084, 55.3113553113553, 0.721245421245421, 50.0

46.8025960922241, 0, 73.0402930402931, 0.792161172161172, 50.0

46.8585410118103, 46.869489146676, 51.6849816849817, 0.706739926739927, 50.0

46.921706199646, 54.5904116643651, 47.8571428571429, 0.691428571428571, 50.0

46.9778950214386, 0, 63.3699633699634, 0.753479853479854, 50.0

47.032879114151, 53.4245567072876, 48.4615384615385, 0.693846153846154, 50.0

47.0930490493774, 0, 60.3479853479854, 0.741391941391942, 50.0

47.1489071846008, 46.9272261115655, 51.6849816849817, 0.706739926739927, 50.0

47.2036950588226, 0, 70.6227106227106, 0.782490842490843, 50.0

47.2580242156982, 66.075925853226, 42.2161172161172, 0.668864468864469, 50.0

47.3198871612549, 48.7231180781407, 50.8791208791209, 0.703516483516484, 50.0

47.3755412101746, 87.1059864912275, 31.941391941392, 0.627765567765568, 50.0

47.4305720329285, 44.712956964751, 53.0952380952381, 0.712380952380952, 50.0

47.4916470050812, 64.6423157623833, 43.2234432234432, 0.672893772893773, 50.0

47.5476620197296, 53.3953223429317, 48.8644688644689, 0.695457875457875, 50.0

47.6025211811066, 0, 60.9523809523809, 0.743809523809524, 50.0

47.6576220989227, 49.7503460414241, 50.6776556776557, 0.702710622710623, 50.0

47.7179801464081, 49.729991994061, 50.6776556776557, 0.702710622710623, 50.0

47.7731430530548, 0, 64.7802197802198, 0.759120879120879, 50.0

47.8281490802765, 39.5002714312554, 55.7142857142857, 0.722857142857143, 50.0

47.8852181434631, 0, 63.7728937728938, 0.755091575091575, 50.0

47.944678068161, 43.8257977726692, 53.4981684981685, 0.713992673992674, 50.0

47.9994671344757, 0, 62.5641025641026, 0.75025641025641, 50.0

48.0540640354157, 50.2651765232991, 50.2747252747253, 0.701098901098901, 50.0

48.1148509979248, 54.342280683063, 48.2600732600733, 0.693040293040293, 50.0

48.1728792190552, 34.7611512893283, 57.9304029304029, 0.731721611721612, 50.0

48.2296872138977, 50.8821877891761, 49.8717948717949, 0.699487179487179, 50.0

48.284695148468, 59.4640232486163, 45.6410256410256, 0.682564102564103, 50.0

48.3460640907288, 35.0507127016015, 57.7289377289378, 0.730915750915751, 50.0

48.4016420841217, 77.3223591505823, 36.7765567765568, 0.647106227106227, 50.0

48.4567470550537, 45.8252470091583, 52.4908424908425, 0.70996336996337, 50.0

48.5176701545715, 0, 62.7655677655678, 0.751062271062271, 50.0

48.5731961727142, 46.1585848955878, 52.2893772893773, 0.709157509157509, 50.0

48.6280901432037, 90, 18.4432234432235, 0.573772893772894, 50.0

48.6879370212555, 45.2793922660112, 52.6923076923077, 0.710769230769231, 50.0

48.7495930194855, 41.912295800862, 54.3040293040293, 0.717216117216117, 50.0

48.8046782016754, 0, 60.9523809523809, 0.743809523809524, 50.0

48.8595440387726, 38.526669225413, 55.9157509157509, 0.723663003663004, 50.0

48.9200210571289, 0, 63.7728937728938, 0.755091575091575, 50.0

48.9760611057282, 36.7097666171878, 56.7216117216118, 0.726886446886447, 50.0

49.031149148941, 0, 68.8095238095238, 0.775238095238095, 50.0

49.0860130786896, 56.5397187488854, 46.8498168498169, 0.687399267399267, 50.0

49.1464791297913, 69.3123540598828, 40.6043956043956, 0.662417582417583, 50.0

49.2049651145935, 44.2400620708532, 53.0952380952381, 0.712380952380952, 50.0

49.2647371292114, 0, 62.967032967033, 0.751868131868132, 50.0

49.3206050395966, 56.4091996854039, 47.0512820512821, 0.688205128205128, 50.0

49.3809180259705, 49.9538934601966, 50.2747252747253, 0.701098901098901, 50.0

49.4361522197723, 0, 63.3699633699634, 0.753479853479854, 50.0

49.4909369945526, 55.2561024409944, 47.6556776556777, 0.690622710622711, 50.0

49.5519590377808, 54.9127712332719, 47.8571428571429, 0.691428571428571, 50.0

49.6078221797943, 0, 63.7728937728938, 0.755091575091575, 50.0

49.6628310680389, 61.9164259507976, 44.4322344322344, 0.677728937728938, 50.0

49.7179811000824, 71.8744325965312, 39.5970695970696, 0.658388278388279, 50.0

49.7815451622009, 30.0551304472232, 60.3479853479854, 0.741391941391942, 50.0

49.8421061038971, 54.2816917560036, 48.2600732600733, 0.693040293040293, 50.0

49.8982110023499, 32.6595752863654, 58.9377289377289, 0.735750915750916, 50.0

49.9588820934296, 49.5692672201126, 50.4761904761905, 0.701904761904762, 50.0

50.0144670009613, 0, 60.5494505494506, 0.742197802197802, 50.0

50.0688860416412, 56.091153667523, 47.2527472527473, 0.689010989010989, 50.0

50.1236860752106, 66.7844264869721, 42.014652014652, 0.668058608058608, 50.0

50.185033082962, 37.1648869758994, 56.7216117216118, 0.726886446886447, 50.0

50.2407810688019, 85.5953984251822, 32.7472527472528, 0.630989010989011, 50.0

50.2957701683044, 48.8989719366413, 51.0805860805861, 0.704322344322344, 50.0

50.3567950725555, 35.3897649770251, 57.7289377289378, 0.730915750915751, 50.0

50.4125590324402, 41.28917542351, 54.7069597069597, 0.718827838827839, 50.0

50.467080116272, 0, 73.4432234432235, 0.793772893772894, 50.0

50.5218501091003, 44.0200953889676, 53.2967032967033, 0.713186813186813, 50.0

50.5825181007385, 0, 65.5860805860806, 0.762344322344322, 50.0

50.6405310630798, 48.8296382440312, 50.8791208791209, 0.703516483516484, 50.0

50.6970632076263, 45.5320823869422, 52.4908424908425, 0.70996336996337, 50.0

50.7566690444946, 0, 64.5787545787546, 0.758315018315018, 50.0

50.8131420612335, 56.9091287659199, 46.8498168498169, 0.687399267399267, 50.0

50.8682060241699, 62.3082321969578, 44.2307692307692, 0.676923076923077, 50.0

50.928013086319, 40.3971921633448, 55.1098901098901, 0.72043956043956, 50.0

50.9881629943848, 66.408307004324, 42.2161172161172, 0.668864468864469, 50.0

51.0469660758972, 62.1457277745988, 44.4322344322344, 0.677728937728938, 50.0

51.1031451225281, 0, 65.3846153846154, 0.761538461538462, 50.0

51.1590960025787, 74.5520047106582, 38.3882783882784, 0.653553113553114, 50.0

51.2225201129913, 46.270751566677, 52.4908424908425, 0.70996336996337, 50.0

51.2789971828461, 51.103776878926, 50.0732600732601, 0.70029304029304, 50.0

51.3335721492767, 0, 69.010989010989, 0.776043956043956, 50.0

51.3935441970825, 37.2142568110543, 56.9230769230769, 0.727692307692308, 50.0

51.4490652084351, 0, 64.1758241758242, 0.756703296703297, 50.0

51.503968000412, 30.0826073238697, 60.3479853479854, 0.741391941391942, 50.0

51.5588891506195, 0, 79.4871794871795, 0.817948717948718, 50.0

51.6191442012787, 42.0426505716725, 54.3040293040293, 0.717216117216117, 50.0

51.678946018219, 46.4128761697598, 52.0879120879121, 0.708351648351648, 50.0

51.7378561496735, 0, 60.1465201465202, 0.740586080586081, 50.0

51.7985670566559, 61.9837529995499, 44.2307692307692, 0.676923076923077, 50.0

51.8545460700989, 57.6600445954351, 46.4468864468865, 0.685787545787546, 50.0

51.909618139267, 34.8799915562616, 57.7289377289378, 0.730915750915751, 50.0

51.9646739959717, 66.1198807679687, 42.2161172161172, 0.668864468864469, 50.0

52.0260691642761, 67.5855588825628, 41.6117216117216, 0.666446886446887, 50.0

52.0814990997314, 32.275772120926, 59.1391941391942, 0.736556776556777, 50.0

52.136491060257, 52.0394024744135, 49.2673992673993, 0.697069597069597, 50.0

52.1975011825562, 33.2689881324765, 58.5347985347985, 0.734139194139194, 50.0

52.2562220096588, 44.4624349092823, 52.8937728937729, 0.711575091575092, 50.0

52.3126480579376, 0, 68.6080586080586, 0.774432234432235, 50.0

52.3672311306, 48.0587001379589, 51.0805860805861, 0.704322344322344, 50.0

52.4285800457001, 0, 60.5494505494506, 0.742197802197802, 50.0

52.483763217926, 50.4798176153236, 49.8717948717949, 0.699487179487179, 50.0

52.5387740135193, 71.7239891958757, 39.3956043956044, 0.657582417582418, 50.0

52.5946371555328, 38.5210960230108, 55.9157509157509, 0.723663003663004, 50.0

52.6550831794739, 0, 64.7802197802198, 0.759120879120879, 50.0

52.7099552154541, 47.344667330766, 51.4835164835165, 0.705934065934066, 50.0

52.7641952037811, 0, 68.003663003663, 0.772014652014652, 50.0

52.8250470161438, 63.2321628589766, 43.6263736263736, 0.674505494505495, 50.0

52.8810892105103, 35.6082614917891, 57.3260073260073, 0.729304029304029, 50.0

52.9360210895538, 0, 64.1758241758242, 0.756703296703297, 50.0

52.9908311367035, 34.5917296103939, 57.7289377289378, 0.730915750915751, 50.0

53.0518062114716, 0, 78.6813186813187, 0.814725274725275, 50.0

53.1109161376953, 47.0392119229492, 51.4835164835165, 0.705934065934066, 50.0

53.1715030670166, 64.1757918583164, 43.021978021978, 0.672087912087912, 50.0

53.2321240901947, 34.5494498612676, 57.7289377289378, 0.730915750915751, 50.0

53.2886130809784, 80.1326130510683, 35.1648351648352, 0.640659340659341, 50.0

53.3436770439148, 56.0335043105447, 47.2527472527473, 0.689010989010989, 50.0

53.3988621234894, 35.6851265936977, 57.3260073260073, 0.729304029304029, 50.0

53.4606940746307, 46.0967620039157, 52.0879120879121, 0.708351648351648, 50.0

53.516056060791, 0, 68.8095238095238, 0.775238095238095, 50.0

53.5707371234894, 53.7998386486106, 48.2600732600733, 0.693040293040293, 50.0

53.6314911842346, 56.7068129974404, 46.8498168498169, 0.687399267399267, 50.0

53.6875970363617, 33.0761542381381, 58.5347985347985, 0.734139194139194, 50.0

53.7426731586456, 71.2421140958971, 39.5970695970696, 0.658388278388279, 50.0

53.797779083252, 41.7097003315827, 54.3040293040293, 0.717216117216117, 50.0

53.8580710887909, 55.891436104809, 47.2527472527473, 0.689010989010989, 50.0

53.9138491153717, 0, 68.4065934065934, 0.773626373626374, 50.0

53.968729019165, 45.3469742326942, 52.4908424908425, 0.70996336996337, 50.0

54.0245661735535, 0, 84.7252747252747, 0.838901098901099, 50.0

54.0810470581055, 49.3627465884761, 50.4761904761905, 0.701904761904762, 50.0

54.1366131305695, 37.9100309295965, 56.1172161172161, 0.724468864468864, 50.0

54.1915311813355, 33.248008670824, 58.3333333333334, 0.733333333333333, 50.0

54.2470390796661, 0, 63.7728937728938, 0.755091575091575, 50.0

54.3029851913452, 44.8623975489162, 52.4908424908425, 0.70996336996337, 50.0

54.3579421043396, 0, 65.989010989011, 0.763956043956044, 50.0

54.4128940105438, 44.7944599040695, 52.4908424908425, 0.70996336996337, 50.0

54.4699041843414, 55.7575484750032, 47.0512820512821, 0.688205128205128, 50.0

54.5250930786133, 32.1451057466391, 58.7362637362638, 0.734945054945055, 50.0

54.5800712108612, 73.9768908508528, 37.985347985348, 0.651941391941392, 50.0

54.6351141929626, 44.8974448617121, 52.4908424908425, 0.70996336996337, 50.0

54.6918489933014, 0, 85.3296703296703, 0.841318681318681, 50.0

54.7466900348663, 48.5053927273974, 50.6776556776557, 0.702710622710623, 50.0

54.8016901016235, 43.9935273543379, 52.8937728937729, 0.711575091575092, 50.0

54.8578860759735, 0, 68.003663003663, 0.772014652014652, 50.0

54.9166820049286, 39.4086250040554, 55.1098901098901, 0.72043956043956, 50.0

54.9720590114594, 0, 61.5567765567766, 0.746227106227106, 50.0

55.02681016922, 51.1135583067985, 49.2673992673993, 0.697069597069597, 50.0

55.0836172103882, 69.115619731473, 40.4029304029304, 0.661611721611722, 50.0

55.1384720802307, 0, 60.7509157509158, 0.743003663003663, 50.0

55.1930630207062, 57.1249350981831, 46.4468864468865, 0.685787545787546, 50.0

55.2480630874634, 51.9124757064564, 49.0659340659341, 0.696263736263736, 50.0

55.3081901073456, 0, 66.1904761904762, 0.764761904761905, 50.0

55.3640592098236, 60.9365113467084, 44.6336996336997, 0.678534798534799, 50.0

55.4191679954529, 59.8610631079024, 45.2380952380952, 0.680952380952381, 50.0

55.4744710922241, 0, 61.959706959707, 0.747838827838828, 50.0

55.5289211273193, 65.3013446523153, 42.6190476190476, 0.670476190476191, 50.0

55.5849890708923, 63.0538765349228, 43.8278388278388, 0.675311355311355, 50.0

55.6400911808014, 38.7125474563881, 55.9157509157509, 0.723663003663004, 50.0

55.6970551013947, 41.8132654694843, 54.3040293040293, 0.717216117216117, 50.0

55.7518100738525, 0, 65.3846153846154, 0.761538461538462, 50.0

55.8066730499268, 36.79521601497, 56.7216117216118, 0.726886446886447, 50.0

55.8617141246796, 35.7933875972967, 57.1245421245422, 0.728498168498169, 50.0

55.9171781539917, 0, 61.5567765567766, 0.746227106227106, 50.0

55.9726691246033, 43.3587304183411, 53.2967032967033, 0.713186813186813, 50.0

56.0276770591736, 61.6499616549562, 44.2307692307692, 0.676923076923077, 50.0

56.0836532115936, 34.8495986697434, 57.5274725274725, 0.73010989010989, 50.0

56.138524055481, 0, 62.967032967033, 0.751868131868132, 50.0

56.1930921077728, 43.2213084776319, 53.2967032967033, 0.713186813186813, 50.0

56.248162984848, 44.7645766743806, 52.4908424908425, 0.70996336996337, 50.0

56.3042151927948, 0, 62.967032967033, 0.751868131868132, 50.0

56.3587050437927, 67.570679860237, 41.2087912087912, 0.664835164835165, 50.0

56.4136970043182, 57.1918074813951, 46.4468864468865, 0.685787545787546, 50.0

56.4687020778656, 38.4997977791248, 55.7142857142857, 0.722857142857143, 50.0

56.5245971679688, 74.2928517170438, 37.985347985348, 0.651941391941392, 50.0

56.5797491073608, 66.4547196238028, 42.014652014652, 0.668058608058608, 50.0

56.6358981132507, 30.3150396840473, 59.945054945055, 0.73978021978022, 50.0

56.6929490566254, 59.044303603661, 45.6410256410256, 0.682564102564103, 50.0

56.7479741573334, 59.9851836891835, 45.2380952380952, 0.680952380952381, 50.0

56.8029692173004, 0, 64.981684981685, 0.75992673992674, 50.0

56.8577702045441, 53.5801712475413, 48.4615384615385, 0.693846153846154, 50.0

56.9141931533813, 0, 65.1831501831502, 0.760732600732601, 50.0

56.9691300392151, 54.8494166375949, 47.8571428571429, 0.691428571428571, 50.0

57.0241742134094, 0, 71.6300366300366, 0.786520146520147, 50.0

57.0790491104126, 64.711098118579, 43.021978021978, 0.672087912087912, 50.0

57.1355440616608, 53.058089578981, 48.8644688644689, 0.695457875457875, 50.0

57.1901571750641, 0, 68.8095238095238, 0.775238095238095, 50.0

57.2450630664826, 57.9905509097232, 46.4468864468865, 0.685787545787546, 50.0

57.3005859851837, 90, 14.8168498168498, 0.559267399267399, 50.0

57.3560791015625, 38.4784323326394, 56.1172161172161, 0.724468864468864, 50.0

57.411101102829, 66.4946556222305, 42.2161172161172, 0.668864468864469, 50.0

57.4710721969605, 62.6240805959523, 44.2307692307692, 0.676923076923077, 50.0

57.5326640605927, 0, 70.018315018315, 0.78007326007326, 50.0
