0.740569114685059, 90.0, -13.214111328125, 0.04945412511006

1.51029992103577, 0.0, 18.81103515625, 1.24493037583306

2.27296304702759, 0.0, 20.01953125, 1.24493037583306

3.03246688842773, 0.0, 31.903076171875, 1.24493037583306

3.79645204544067, 0.0, 28.277587890625, 1.24493037583306

4.55795097351074, 0.0, 21.22802734375, 1.24493037583306

5.32343292236328, 0.0, 12.567138671875, 1.24493037583306

6.07697892189026, 0.0, 29.083251953125, 1.24493037583306

6.8415629863739, 0.0, 28.47900390625, 1.24493037583306

7.60017108917236, 0.0, 28.277587890625, 1.24493037583306

8.36298203468323, 0.0, 24.0478515625, 1.24493037583306

9.12555289268494, 0.0, 20.8251953125, 1.24493037583306

9.89050602912903, 0.0, 22.03369140625, 1.24493037583306

10.6531980037689, 0.0, 18.00537109375, 1.24493037583306

11.4114201068878, 0.0, 15.58837890625, 1.24493037583306

12.1723930835724, 0.0, 0.280761718750022, 1.24493037583306

12.9367890357971, 0.0, 8.53881835937501, 1.24493037583306

13.7029991149902, 90.0, -20.062255859375, 2.50766062818002

14.467334985733, 5.81054687499993, -0.726318359374992, 5.41809518472291

15.9258010387421, 0.0, 28.076171875, 6.58993049437412

16.6947889328003, 0.0, 19.012451171875, 6.58993049437412

17.4702830314636, 0.0, 20.42236328125, 6.58993049437412

18.2280189990997, 0.0, 15.9912109375, 6.58993049437412

18.9864408969879, 0.0, 18.81103515625, 6.58993049437412

19.7464520931244, 0.0, 19.012451171875, 6.58993049437412

20.5143840312958, 0.0, 14.178466796875, 6.58993049437412

21.274316072464, 0.0, 14.78271484375, 6.58993049437412

22.0333321094513, 0.0, 16.39404296875, 6.58993049437412

22.8041260242462, 0.0, 12.567138671875, 6.58993049437412

23.5635280609131, 0.0, 14.984130859375, 6.58993049437412

24.3223230838776, 0.0, 12.969970703125, 6.58993049437412

25.081995010376, 0.0, 12.567138671875, 6.58993049437412

25.846451997757, 0.0, 9.54589843750001, 6.58993049437412

26.6089470386505, 58.984375, -7.373046875, 7.07993960677413

27.3748569488525, 84.765625, -10.595703125, 10.2227485680487

28.1378409862518, 63.8183593749999, -7.97729492187499, 12.7032477248576

28.9102890491486, 90.0, -13.214111328125, 14.2980126925977

29.6705760955811, 90.0, -21.673583984375, 15.7125298253959

30.4308199882507, 60.595703125, -7.57446289062499, 18.4093727264553

31.1983499526978, 0.0, 7.53173828125001, 20.3074579185341

31.9595289230347, 0.0, 3.30200195312502, 20.341876934981

32.7244689464569, 0.0, 5.31616210937502, 20.3464839840308

33.4881629943848, 0.0, 1.28784179687502, 20.3464839840308

34.2548758983612, 0.0, 0.683593750000017, 20.856356791046
35.0220971107483, 87.9882812499999, -10.99853515625, 23.0911988342996

35.7970299720764, 65.4296874999999, -8.17871093749999, 26.1678512542858

36.5604450702667, 0.0, 2.49633789062501, 27.790512786305

Traceback (most recent call last):
  File ".\realTimePlot.py", line 82, in <module>
    mqtt.loop_forever()
  File "C:\ProgramData\Miniconda3\lib\site-packages\paho\mqtt\client.py", line 1779, in loop_forever
    rc = self.loop(timeout, max_packets)
  File "C:\ProgramData\Miniconda3\lib\site-packages\paho\mqtt\client.py", line 1167, in loop
    socklist = select.select(rlist, wlist, [], timeout)
KeyboardInterrupt
PS G:\My Drive\Classwork\Spring 2021\100\ME100\Project> python .\realTimePlot.py
Connecting to MQTT broker broker.mqttdashboard.com ...Connected!
Enter desired tank pressure: 50
0.687640190124512, 90.0, -19.86083984375, 0.0404153121053241

1.404128074646, 0.0, 24.652099609375, 0.271288382646161

2.10957312583923, 0.0, 43.78662109375, 0.271288382646161

2.81936717033386, 0.0, 29.888916015625, 0.271288382646161

3.53632616996765, 0.0, 49.8291015625, 0.271288382646161

4.24016118049622, 0.0, 38.95263671875, 0.271288382646161

4.95021915435791, 0.0, 29.083251953125, 0.271288382646161

5.65546703338623, 0.0, 35.3271484375, 0.271288382646161

6.37089920043945, 0.0, 36.9384765625, 0.271288382646161

7.07766008377075, 0.0, 34.11865234375, 0.271288382646161

7.79809713363647, 0.0, 36.9384765625, 0.271288382646161

8.50667309761047, 0.0, 34.320068359375, 0.271288382646161

9.22751998901367, 0.0, 36.53564453125, 0.271288382646161

9.93787908554077, 0.0, 31.70166015625, 0.271288382646161

10.6589920520782, 0.0, 39.556884765625, 0.271288382646161

11.3701860904694, 0.0, 31.70166015625, 0.271288382646161

12.0854671001434, 0.0, 38.5498046875, 0.271288382646161

12.7989799976349, 0.0, 32.708740234375, 0.271288382646161

13.510605096817, 0.0, 34.722900390625, 0.271288382646161

14.2209520339966, 0.0, 39.556884765625, 0.271288382646161

14.921550989151, 0.0, 37.744140625, 0.271288382646161

15.6420969963074, 0.0, 33.514404296875, 0.271288382646161

16.3496081829071, 0.0, 33.514404296875, 0.271288382646161

17.0612900257111, 0.0, 35.125732421875, 0.271288382646161

17.7666850090027, 0.0, 35.3271484375, 0.271288382646161

18.4831600189209, 0.0, 32.50732421875, 0.271288382646161

19.1881170272827, 0.0, 33.7158203125, 0.271288382646161

19.9005880355835, 0.0, 36.1328125, 0.271288382646161

20.6062090396881, 0.0, 37.744140625, 0.271288382646161

21.3161041736603, 0.0, 36.9384765625, 0.271288382646161

22.0213420391083, 0.0, 34.11865234375, 0.271288382646161

22.7365779876709, 0.0, 36.9384765625, 0.271288382646161

23.4522330760956, 0.0, 32.708740234375, 0.271288382646161

24.1633880138397, 0.0, 31.903076171875, 0.271288382646161

24.8793511390686, 0.0, 36.9384765625, 0.271288382646161

25.5861051082611, 0.0, 32.50732421875, 0.271288382646161

26.2999341487885, 0.0, 27.2705078125, 0.271288382646161

27.0152812004089, 0.0, 18.81103515625, 0.271288382646161

27.7316579818726, 0.0, 16.192626953125, 0.271288382646161

28.4350121021271, 0.0, 12.36572265625, 0.271288382646161

29.154666185379, 0.0, 19.61669921875, 0.271288382646161

29.8648941516876, 0.0, 22.235107421875, 0.271288382646161

30.5772171020508, 0.0, 22.235107421875, 0.271288382646161

31.2871119976044, 0.0, 21.22802734375, 0.271288382646161

31.9940650463104, 0.0, 16.998291015625, 0.271288382646161

32.6991851329803, 0.0, 15.386962890625, 0.271288382646161

33.4085230827332, 0.0, 11.56005859375, 0.271288382646161

34.1242530345917, 0.0, 13.57421875, 0.271288382646161

34.831001996994, 0.0, 10.75439453125, 0.271288382646161

35.5419061183929, 0.0, 5.51757812500001, 0.271288382646161

36.2564940452576, 0.0, 9.94873046875, 0.271288382646161

36.9711081981659, 0.0, 10.150146484375, 0.271288382646161

37.683375120163, 0.0, 11.962890625, 0.309995727729982

38.3843359947205, 0.0, 9.94873046875, 0.309995727729982

39.0959951877594, 90.0, -15.631103515625, 0.657365878578273

39.7971801757813, 90.0, -15.83251953125, 1.036958633631

40.5065660476685, 0.0, 4.10766601562501, 1.42230832425411

41.2059381008148, 90.0, -6.56738281249999, 1.83509314956608

41.9125030040741, 90.0, -14.019775390625, 2.02097845613024

42.6201651096344, 0.0, 2.09350585937501, 2.5752520552487

43.334438085556, 0.0, 18.609619140625, 2.69744187971809

44.0418741703034, 0.0, 23.64501953125, 2.69744187971809

44.7471330165863, 0.0, 42.578125, 2.78603687329449

45.4631810188293, 0.0, 19.61669921875, 2.78603687329449

46.1662781238556, 0.0, 19.012451171875, 2.78603687329449

46.8835210800171, 0.0, 22.83935546875, 2.78603687329449

47.5898821353912, 0.0, 19.61669921875, 2.78603687329449

48.3005421161652, 0.0, 21.22802734375, 2.78603687329449

49.0136661529541, 0.0, 25.6591796875, 2.78603687329449

49.7262370586395, 0.0, 19.818115234375, 2.78603687329449

50.4382650852203, 0.0, 24.0478515625, 2.78603687329449

51.1488862037659, 0.0, 19.012451171875, 2.78603687329449

51.858225107193, 0.0, 22.83935546875, 2.78603687329449

52.5681760311127, 0.0, 23.64501953125, 2.78603687329449

53.2782411575317, 0.0, 23.040771484375, 2.78603687329449

53.9864151477814, 0.0, 20.8251953125, 2.78603687329449

54.7036170959473, 0.0, 23.443603515625, 2.78603687329449

55.4108901023865, 0.0, 24.249267578125, 2.78603687329449

56.1285200119019, 0.0, 19.2138671875, 2.78603687329449

56.8364150524139, 0.0, 18.81103515625, 2.78603687329449

57.5538702011108, 0.0, 38.5498046875, 2.78603687329449

58.2606761455536, 0.0, 13.372802734375, 2.78603687329449

58.9771370887756, 0.0, 17.6025390625, 2.78603687329449

59.6858401298523, 0.0, 8.13598632812501, 2.78603687329449

60.3964149951935, 0.0, 11.761474609375, 2.78603687329449

61.1061890125275, 32.0434570312498, -2.13623046874999, 2.85978597967186

61.8154079914093, 90.0, -13.0126953125, 3.17316062428289

62.5250971317291, 29.0222167968748, -1.93481445312499, 3.71373855741693

63.234815120697, 0.0, 4.10766601562501, 4.65487399487754

63.9530880451202, 0.0, 16.998291015625, 4.82939875655573

64.6581330299377, 0.0, 23.2421875, 4.82939875655573

65.3721611499786, 0.0, 10.955810546875, 4.82939875655573

66.0796720981598, 0.0, 18.81103515625, 4.82939875655573