0.0486218929290771, 90.0, -38.39111328125, 0.0516438958584331

0.119554042816162, 90.0, -22.076416015625, 0.0516438958584331

0.190423965454102, 90.0, -25.299072265625, 0.0516438958584331

0.25970196723938, 90.0, -22.6806640625, 0.0516438958584331

0.329013109207153, 90.0, -23.486328125, 0.0516438958584331

0.403414011001587, 90.0, -26.910400390625, 0.0516438958584331

0.473572015762329, 90.0, -24.896240234375, 0.0516438958584331

0.543020009994507, 90.0, -23.284912109375, 0.0516438958584331

0.618887901306152, 90.0, -23.687744140625, 0.0516438958584331

0.688420057296753, 90.0, -23.08349609375, 0.0516438958584331

0.757242918014526, 90.0, -14.6240234375, 0.0516438958584331

0.832567930221558, 90.0, -6.97021484374999, 0.0516438958584331

0.902291059494019, 90.0, -2.33764648437498, 0.0516438958584331

0.97162389755249, 90.0, -18.24951171875, 0.0516438958584331

1.04658389091492, 0.0, 6.72607421875002, 0.0516438958584331

1.11628007888794, 0.0, 5.92041015625, 0.0516438958584331

1.18529510498047, 0.0, 7.73315429687502, 0.0516438958584331

1.25993704795837, 90.0, -6.97021484374999, 0.0516438958584331

1.33408904075623, 90.0, -5.76171874999999, 0.0516438958584331

1.40326690673828, 0.0, 9.74731445312502, 0.0516438958584331

1.47948408126831, 0.0, 29.486083984375, 0.0516438958584331

1.54852199554443, 0.0, 34.320068359375, 0.0516438958584331

1.62306690216064, 0.0, 36.1328125, 0.0516438958584331

1.69385695457458, 0.0, 42.17529296875, 0.0516438958584331

1.76270604133606, 0.0, 39.35546875, 0.0516438958584331

1.83737897872925, 0.0, 42.17529296875, 0.0516438958584331

1.90670490264893, 0.0, 36.9384765625, 0.0516438958584331

1.97612190246582, 0.0, 40.362548828125, 0.0516438958584331

2.05138397216797, 0.0, 41.168212890625, 0.0516438958584331

2.12088394165039, 0.0, 49.0234375, 0.0516438958584331

2.18971490859985, 0.0, 47.210693359375, 0.0516438958584331

2.26501703262329, 0.0, 49.8291015625, 0.0516438958584331

2.33458399772644, 0.0, 43.78662109375, 0.0516438958584331

2.40367603302002, 0.0, 50.836181640625, 0.0516438958584331

2.47833609580994, 0.0, 49.0234375, 0.0516438958584331

2.54787111282349, 0.0, 40.765380859375, 0.0516438958584331

2.61668395996094, 0.0, 52.447509765625, 0.0516438958584331

2.69141387939453, 0.0, 42.98095703125, 0.0516438958584331

2.76093101501465, 0.0, 45.599365234375, 0.0516438958584331

2.8300940990448, 0.0, 48.419189453125, 0.0516438958584331

2.91045308113098, 0.0, 52.24609375, 0.0516438958584331

2.9795970916748, 0.0, 43.182373046875, 0.0516438958584331

3.05128288269043, 0.0, 55.06591796875, 0.0516438958584331

3.12437105178833, 0.0, 43.585205078125, 0.0516438958584331

3.19336295127869, 0.0, 43.182373046875, 0.0516438958584331

3.26742911338806, 0.0, 46.405029296875, 0.0516438958584331

3.33751797676086, 0.0, 45.196533203125, 0.0516438958584331

3.40693092346191, 0.0, 47.210693359375, 0.0516438958584331

3.48227190971375, 0.0, 52.447509765625, 0.0516438958584331

3.55169796943665, 0.0, 48.2177734375, 0.0516438958584331

3.62104988098145, 0.0, 58.892822265625, 0.0516438958584331

3.69660401344299, 0.0, 46.405029296875, 0.0516438958584331

3.76616597175598, 0.0, 40.56396484375, 0.0516438958584331

3.83526706695557, 0.0, 47.81494140625, 0.0516438958584331

3.91043305397034, 0.0, 39.35546875, 0.0516438958584331

3.97993087768555, 0.0, 50.23193359375, 0.0516438958584331

4.04871892929077, 0.0, 43.182373046875, 0.0516438958584331

4.12327194213867, 0.0, 49.8291015625, 0.0516438958584331

4.19272208213806, 0.0, 42.17529296875, 0.0516438958584331

4.26188397407532, 0.0, 52.24609375, 0.0516438958584331

4.33755803108215, 0.0, 27.471923828125, 0.0516438958584331

4.40671300888062, 0.0, 28.277587890625, 0.0516438958584331

4.48227596282959, 0.0, 34.11865234375, 0.0516438958584331

4.55655789375305, 0.0, 53.857421875, 0.0516438958584331

4.62561011314392, 0.0, 33.917236328125, 0.0516438958584331

4.69932389259338, 0.0, 47.210693359375, 0.0516438958584331

4.76939010620117, 0.0, 31.097412109375, 0.0516438958584331

4.83860301971436, 0.0, 30.09033203125, 0.0516438958584331

4.91287708282471, 0.0, 45.599365234375, 0.0516438958584331

4.98244500160217, 0.0, 45.599365234375, 0.0516438958584331

5.05128693580627, 0.0, 52.044677734375, 0.0516438958584331

5.12650394439697, 0.0, 42.17529296875, 0.0516438958584331

5.196044921875, 0.0, 47.210693359375, 0.0516438958584331

5.26503801345825, 0.0, 44.9951171875, 0.0516438958584331

5.34020590782166, 0.0, 44.59228515625, 0.0516438958584331

5.41005802154541, 0.0, 47.412109375, 0.0516438958584331

5.47894310951233, 0.0, 45.196533203125, 0.0516438958584331

5.55354499816895, 0.0, 51.84326171875, 0.0516438958584331

5.62295508384705, 0.0, 46.405029296875, 0.0516438958584331

5.69205403327942, 0.0, 44.59228515625, 0.0516438958584331

5.76711797714233, 0.0, 47.613525390625, 0.0516438958584331

5.8366060256958, 0.0, 44.9951171875, 0.0516438958584331

5.90561294555664, 0.0, 46.807861328125, 0.0516438958584331

5.98143291473389, 0.0, 50.836181640625, 0.0516438958584331

6.05539202690125, 0.0, 46.6064453125, 0.0516438958584331

6.13065505027771, 0.0, 37.945556640625, 0.0516438958584331

6.20043301582336, 0.0, 44.390869140625, 0.0516438958584331

6.26988005638123, 0.0, 42.17529296875, 0.0516438958584331

6.34436297416687, 0.0, 51.239013671875, 0.0516438958584331

6.41417908668518, 0.0, 42.376708984375, 0.0516438958584331

6.48312997817993, 0.0, 55.267333984375, 0.0516438958584331

6.55855393409729, 0.0, 47.412109375, 0.0516438958584331

6.62818193435669, 0.0, 46.6064453125, 0.0516438958584331

6.69725108146667, 0.0, 44.59228515625, 0.0516438958584331

6.77248787879944, 0.0, 45.80078125, 0.0516438958584331

6.842129945755, 0.0, 47.81494140625, 0.0516438958584331

6.91129088401794, 0.0, 50.433349609375, 0.0516438958584331

6.98658990859985, 0.0, 33.917236328125, 0.0516438958584331

7.05630397796631, 0.0, 36.9384765625, 0.0516438958584331

7.12533187866211, 0.0, 42.578125, 0.0516438958584331

7.20001411437988, 0.0, 36.334228515625, 0.0516438958584331

7.26933097839355, 0.0, 28.680419921875, 0.0516438958584331

7.33829092979431, 0.0, 50.836181640625, 0.0516438958584331

7.41392397880554, 0.0, 43.182373046875, 0.0516438958584331

7.48287010192871, 0.0, 39.556884765625, 0.0516438958584331

7.56262397766113, 0.0, 47.210693359375, 0.0516438958584331

7.63262104988098, 0.0, 44.390869140625, 0.0516438958584331

7.70189905166626, 0.0, 41.168212890625, 0.0516438958584331

7.77626204490662, 0.0, 50.23193359375, 0.0516438958584331

7.84589505195618, 0.0, 51.641845703125, 0.0516438958584331

7.91495990753174, 0.0, 50.433349609375, 0.0516438958584331

7.99019408226013, 0.0, 37.34130859375, 0.0516438958584331

8.05985403060913, 0.0, 38.95263671875, 0.0516438958584331

8.12904596328735, 0.0, 40.362548828125, 0.0516438958584331

8.20451807975769, 0.0, 54.461669921875, 0.0516438958584331

8.2739269733429, 0.0, 48.419189453125, 0.0516438958584331

8.34295892715454, 0.0, 47.210693359375, 0.0516438958584331

8.41394400596619, 0.0, 47.613525390625, 0.0516438958584331

8.48290300369263, 0.0, 45.599365234375, 0.0516438958584331

8.55199694633484, 0.0, 42.578125, 0.0516438958584331

8.62602400779724, 0.0, 47.210693359375, 0.0516438958584331

8.6952760219574, 0.0, 43.78662109375, 0.0516438958584331

8.76404500007629, 0.0, 42.17529296875, 0.0516438958584331

8.83513402938843, 0.0, 47.412109375, 0.0516438958584331

8.90371894836426, 0.0, 45.39794921875, 0.0516438958584331

8.97272300720215, 0.0, 42.98095703125, 0.0516438958584331

9.04851007461548, 0.0, 43.78662109375, 0.0516438958584331

9.12248802185059, 0.0, 42.779541015625, 0.0516438958584331

9.19385290145874, 0.0, 41.571044921875, 0.0516438958584331

9.26736092567444, 0.0, 44.189453125, 0.0516438958584331

9.33695888519287, 0.0, 48.2177734375, 0.0516438958584331

9.41059398651123, 0.0, 44.793701171875, 0.0516438958584331

9.48050594329834, 0.0, 42.17529296875, 0.0516438958584331

9.5500500202179, 0.0, 45.599365234375, 0.0516438958584331

9.62431502342224, 0.0, 42.17529296875, 0.0516438958584331

9.69431591033936, 0.0, 47.00927734375, 0.0516438958584331

9.76333594322205, 0.0, 48.419189453125, 0.0516438958584331

9.83905696868896, 0.0, 41.973876953125, 0.0516438958584331

9.90835905075073, 0.0, 48.2177734375, 0.0516438958584331

9.97729897499084, 0.0, 53.0517578125, 0.0516438958584331

10.0525779724121, 0.0, 46.807861328125, 0.0516438958584331

10.1223158836365, 0.0, 42.376708984375, 0.0516438958584331

10.1913430690765, 0.0, 42.17529296875, 0.0516438958584331

10.2655649185181, 0.0, 39.75830078125, 0.0516438958584331

10.3352870941162, 0.0, 50.030517578125, 0.0516438958584331

10.4042749404907, 0.0, 43.78662109375, 0.0516438958584331

10.4800689220428, 0.0, 47.210693359375, 0.0516438958584331

10.5490779876709, 0.0, 51.4404296875, 0.0516438958584331

10.6180899143219, 0.0, 47.210693359375, 0.0516438958584331

10.6986639499664, 0.0, 47.81494140625, 0.0516438958584331

10.7678570747376, 0.0, 44.189453125, 0.0516438958584331

10.8423240184784, 0.0, 42.17529296875, 0.0516438958584331

10.912162065506, 0.0, 42.17529296875, 0.0516438958584331

10.9813120365143, 0.0, 47.412109375, 0.0516438958584331

11.0556659698486, 0.0, 50.030517578125, 0.0516438958584331

11.1254999637604, 0.0, 47.210693359375, 0.0516438958584331

11.1945850849152, 0.0, 45.80078125, 0.0516438958584331

11.2700328826904, 0.0, 49.627685546875, 0.0516438958584331

11.3395059108734, 0.0, 49.627685546875, 0.0516438958584331

11.408597946167, 0.0, 46.405029296875, 0.0516438958584331

11.4842019081116, 0.0, 45.599365234375, 0.0516438958584331

11.5538799762726, 0.0, 49.8291015625, 0.0516438958584331

11.62286901474, 0.0, 46.405029296875, 0.0516438958584331

11.6971940994263, 0.0, 46.405029296875, 0.0516438958584331

11.7665600776672, 0.0, 46.6064453125, 0.0516438958584331

11.8356471061707, 0.0, 46.405029296875, 0.0516438958584331

11.9104731082916, 0.0, 47.613525390625, 0.0516438958584331

11.9798951148987, 0.0, 49.8291015625, 0.0516438958584331

12.0488851070404, 0.0, 42.98095703125, 0.0516438958584331

12.1244161128998, 0.0, 42.17529296875, 0.0516438958584331

12.1933720111847, 0.0, 43.78662109375, 0.0516438958584331

12.2739310264587, 0.0, 51.641845703125, 0.0516438958584331

12.3438920974731, 0.0, 41.7724609375, 0.0516438958584331

12.4129230976105, 0.0, 47.210693359375, 0.0516438958584331

12.4876890182495, 0.0, 42.17529296875, 0.0516438958584331

12.557492017746, 0.0, 42.17529296875, 0.0516438958584331

12.6265258789063, 0.0, 42.578125, 0.0516438958584331

12.7019228935242, 0.0, 52.24609375, 0.0516438958584331

12.7713220119476, 0.0, 44.189453125, 0.0516438958584331

12.8405599594116, 0.0, 44.59228515625, 0.0516438958584331

12.9156160354614, 0.0, 44.189453125, 0.0516438958584331

12.9851379394531, 0.0, 46.405029296875, 0.0516438958584331

13.0541019439697, 0.0, 40.362548828125, 0.0516438958584331

13.1293189525604, 0.0, 43.182373046875, 0.0516438958584331

13.1988649368286, 0.0, 47.210693359375, 0.0516438958584331

13.268049955368, 0.0, 46.405029296875, 0.0516438958584331

13.3430330753326, 0.0, 42.98095703125, 0.0516438958584331

13.4125421047211, 0.0, 44.793701171875, 0.0516438958584331

13.4818949699402, 0.0, 38.5498046875, 0.0516438958584331

13.5576770305634, 0.0, 39.959716796875, 0.0516438958584331

13.6268839836121, 0.0, 44.189453125, 0.0516438958584331

13.6969449520111, 0.0, 40.362548828125, 0.0516438958584331

13.776379108429, 0.0, 49.8291015625, 0.0516438958584331

13.8455910682678, 0.0, 47.210693359375, 0.0516438958584331

13.9202790260315, 0.0, 41.571044921875, 0.0516438958584331

13.9901220798492, 0.0, 42.17529296875, 0.0516438958584331

14.0591299533844, 0.0, 43.182373046875, 0.0516438958584331

14.1346859931946, 0.0, 47.210693359375, 0.0516438958584331

14.2041220664978, 0.0, 47.210693359375, 0.0516438958584331

14.2733879089355, 0.0, 47.00927734375, 0.0516438958584331

14.3491389751434, 0.0, 41.571044921875, 0.0516438958584331

14.4191739559174, 0.0, 44.59228515625, 0.0516438958584331

14.4882218837738, 0.0, 41.973876953125, 0.0516438958584331

14.5639760494232, 0.0, 47.613525390625, 0.0516438958584331

14.63338804245, 0.0, 45.196533203125, 0.0516438958584331

14.7023470401764, 0.0, 46.20361328125, 0.0516438958584331

14.7779109477997, 0.0, 49.8291015625, 0.0516438958584331

14.8470408916473, 0.0, 45.599365234375, 0.0516438958584331

14.9159510135651, 0.0, 42.17529296875, 0.0516438958584331

14.9914128780365, 0.0, 43.182373046875, 0.0516438958584331

15.0606920719147, 0.0, 44.9951171875, 0.0516438958584331

15.1313331127167, 0.0, 43.78662109375, 0.0516438958584331

15.2053239345551, 0.0, 47.210693359375, 0.0516438958584331

15.2744760513306, 0.0, 51.84326171875, 0.0516438958584331

15.3533868789673, 0.0, 43.78662109375, 0.0516438958584331

15.4239149093628, 0.0, 47.210693359375, 0.0516438958584331

15.4930698871613, 0.0, 40.362548828125, 0.0516438958584331

15.5686140060425, 0.0, 41.973876953125, 0.0516438958584331

15.638247013092, 0.0, 42.98095703125, 0.0516438958584331

15.7073159217834, 0.0, 48.2177734375, 0.0516438958584331

15.781641960144, 0.0, 46.807861328125, 0.0516438958584331

15.8513240814209, 0.0, 46.20361328125, 0.0516438958584331

15.9203839302063, 0.0, 44.793701171875, 0.0516438958584331

15.9959349632263, 0.0, 45.39794921875, 0.0516438958584331

16.0653800964355, 0.0, 49.0234375, 0.0516438958584331

16.1343219280243, 0.0, 47.613525390625, 0.0516438958584331

16.2089509963989, 0.0, 43.78662109375, 0.0516438958584331

16.2785139083862, 0.0, 44.59228515625, 0.0516438958584331